     0/199     9.29G    0.0622   0.04018    0.5942    0.6966        63       640    0.2316    0.3426   0.06529   0.01678   0.05079   0.03784    0.5798
     1/199     9.22G   0.04732    0.0356    0.5614    0.6443        56       640     0.193    0.4268    0.1402   0.03281   0.04946    0.0322    0.5721
     2/199     9.22G   0.04307   0.03024    0.5618    0.6351        56       640    0.3145    0.3638    0.1834   0.06699   0.04936   0.03139    0.5767
     3/199     9.22G   0.04348   0.02739     0.554    0.6249        59       640    0.1553    0.2584   0.06409   0.01276   0.06132   0.03459    0.6423
     4/199     9.22G   0.04313   0.02781    0.5559    0.6269        62       640   0.09659   0.09632   0.03319  0.007341   0.05611   0.04302    0.6128
     5/199     9.22G   0.03994   0.02686    0.5508    0.6176        57       640    0.2088    0.3271    0.1351    0.0366   0.05839   0.02888    0.5603
     6/199     9.22G   0.03813   0.02568    0.5511    0.6149        48       640    0.2793    0.4744    0.1916   0.07391   0.04489   0.02915    0.5808
     7/199     9.22G   0.03611   0.02491    0.5386    0.5996        59       640    0.3471    0.5105    0.2591     0.104   0.03531   0.02811    0.5485
     8/199     9.22G   0.03414   0.02389    0.5353    0.5933        54       640    0.2057    0.3587    0.1262   0.02948    0.0573   0.03406     0.615
     9/199     9.22G   0.03301   0.02393    0.5342    0.5911        58       640    0.3518    0.4258    0.2273   0.08924   0.04146    0.0573    0.6302
    10/199     9.22G   0.03175   0.02337     0.525    0.5801        49       640    0.2849    0.7709    0.3683    0.2028   0.03213   0.02125    0.5347
    11/199     9.22G    0.0311   0.02245     0.516    0.5695        50       640     0.169    0.2434    0.1056   0.04251   0.07158   0.05163     1.187
    12/199     9.22G   0.03014   0.02205    0.5108     0.563        69       640    0.3755    0.6503    0.3929    0.2144   0.02971   0.02252    0.5155
    13/199     9.22G   0.03042   0.02219     0.505    0.5576        65       640    0.3515    0.6638    0.3632    0.1975   0.03272   0.02332    0.5266
    14/199     9.22G   0.02967   0.02125    0.4944    0.5453        53       640     0.247    0.6728    0.2941    0.1258   0.04531   0.02197    0.5427
    15/199     9.22G   0.02987   0.02121    0.4932    0.5443        64       640    0.2647    0.7346    0.3516    0.1944   0.03053   0.02282    0.6112
    16/199     9.22G   0.02916   0.02129    0.4914    0.5418        54       640    0.3606    0.7832    0.4804    0.2945   0.02542   0.02262    0.4881
    17/199     9.22G   0.02852   0.02057    0.4852    0.5343        60       640    0.3641    0.6432    0.4104    0.2427   0.02762    0.0216    0.5328
    18/199     9.22G   0.02825   0.02093    0.4771    0.5263        61       640    0.3327    0.7667    0.4388     0.268   0.02784     0.021    0.5058
    19/199     9.22G   0.02817    0.0206    0.4731    0.5219        69       640    0.2526    0.6314    0.2759    0.1412   0.03417   0.02767    0.6521
    20/199     9.22G   0.02816   0.02057    0.4651    0.5138        64       640    0.3178    0.7439    0.3685     0.218   0.02886   0.02254     0.614
    21/199     9.22G   0.02767   0.02051    0.4624    0.5106        72       640     0.356    0.7092    0.4224    0.2386    0.0302   0.02009    0.5353
    22/199     9.22G   0.02746   0.01991    0.4623    0.5096        60       640    0.3395    0.7231    0.3972    0.2454    0.0271   0.02379    0.5762
    23/199     9.22G   0.02754   0.02028    0.4514    0.4992        54       640    0.3344    0.8321    0.4849    0.3175   0.02449   0.01888    0.4794
    24/199     9.22G   0.02785   0.02039    0.4531    0.5013        45       640    0.3523    0.8238    0.5156    0.3362   0.02507   0.02004    0.4702
    25/199     9.22G   0.02744   0.02044    0.4423    0.4902        54       640    0.3927     0.797     0.509    0.3265   0.02555   0.01938      0.48
    26/199     9.22G   0.02757   0.02038    0.4479    0.4959        64       640    0.3735    0.7592    0.4865    0.3072   0.02554   0.02051    0.4801
    27/199     9.22G    0.0273   0.02066    0.4344    0.4823        59       640    0.3187    0.7255    0.4325    0.2501   0.03042   0.02325    0.5075
    28/199     9.22G    0.0276   0.02048    0.4311    0.4792        53       640    0.4439    0.7489     0.539    0.3461   0.02506   0.02038    0.4517
    29/199     9.22G   0.02762   0.02057    0.4253    0.4735        56       640    0.4775    0.7013     0.521    0.3272   0.02497   0.01934    0.4848
    30/199     9.22G   0.02726   0.02046    0.4186    0.4663        56       640     0.391    0.8381     0.575    0.3715   0.02413   0.01939    0.4309
    31/199     9.22G   0.02723   0.02078    0.4217    0.4697        59       640    0.3597    0.7312    0.4896    0.3103   0.02454   0.02189    0.4975
    32/199     9.22G   0.02681   0.02036     0.416    0.4632        70       640    0.3776    0.7881    0.5377    0.3396   0.02626   0.02009    0.4752
    33/199     9.22G   0.02681   0.01981    0.4162    0.4628        70       640    0.3687    0.8547    0.5503     0.359   0.02435   0.01925      0.45
    34/199     9.22G   0.02675   0.01985    0.4112    0.4578        64       640    0.4104     0.755    0.5339    0.3508   0.02451    0.0202    0.4506
    35/199     9.22G   0.02662    0.0201    0.4097    0.4564        68       640    0.4203    0.7478    0.5251    0.3359   0.02608   0.01913    0.4697
    36/199     9.22G   0.02677   0.02007    0.3981     0.445        62       640    0.4023    0.7473    0.5291    0.3275   0.02546   0.02185    0.4509
    37/199     9.22G    0.0269   0.02048    0.3966     0.444        65       640     0.435    0.7048    0.5292     0.318   0.02647   0.02153    0.4729
    38/199     9.22G   0.02668   0.01991    0.3962    0.4428        55       640    0.4209    0.8048    0.5812    0.3795   0.02445   0.01951     0.432
    39/199     9.22G   0.02679   0.01951    0.3914    0.4377        56       640     0.459    0.7943    0.5861    0.3746   0.02413   0.01851     0.441
    40/199     9.22G   0.02645   0.01961    0.3843    0.4303        56       640    0.4432    0.7672    0.5738    0.3671   0.02481   0.01922    0.4306
    41/199     9.22G   0.02678   0.01964    0.3783    0.4247        68       640    0.4688     0.718    0.5473    0.3478   0.02576   0.02014    0.4787
    42/199     9.22G   0.02659   0.01947    0.3727    0.4187        62       640     0.528    0.7674    0.6359    0.4254   0.02317   0.01835    0.4108
    43/199     9.22G    0.0266   0.01996    0.3666    0.4132        68       640    0.4484    0.8378     0.636    0.4158   0.02425   0.01923    0.4206
    44/199     9.22G   0.02639   0.01986    0.3579    0.4042        53       640    0.4592      0.81    0.6318     0.416   0.02363   0.01893    0.4064
    45/199     9.22G   0.02647    0.0198    0.3602    0.4064        61       640    0.5421    0.6799    0.6273    0.4046   0.02567   0.01947    0.4033
    46/199     9.22G    0.0266   0.01964    0.3596    0.4059        67       640    0.5844    0.7024    0.6494     0.427   0.02435   0.01887    0.3901
    47/199     9.22G   0.02688   0.01994    0.3482     0.395        58       640    0.5686    0.7121    0.6549    0.4128   0.02626    0.0196    0.3786
    48/199     9.22G   0.02673   0.01974     0.346    0.3925        55       640    0.4853    0.7544    0.6025    0.3912   0.02579   0.01891    0.4352
    49/199     9.22G   0.02685   0.01972     0.341    0.3876        74       640    0.5518    0.6906    0.6108    0.4021   0.02414   0.01859    0.4306
    50/199     9.22G    0.0264   0.01946    0.3333    0.3792        51       640    0.4832    0.7989    0.6191    0.4175   0.02471   0.01925     0.417
    51/199     9.22G   0.02622   0.01962    0.3263    0.3721        56       640    0.5222    0.7305    0.6404    0.4271    0.0242    0.0196    0.4098
    52/199     9.22G   0.02638   0.01916    0.3179    0.3635        57       640    0.5433     0.779    0.6756    0.4505   0.02412   0.01823    0.3812
    53/199     9.22G    0.0263   0.01959    0.3104    0.3563        62       640    0.5681    0.7939    0.6991     0.466    0.0231   0.01782    0.3771
    54/199     9.22G   0.02681   0.01944    0.3167    0.3629        60       640    0.6052    0.6724    0.6695    0.4423   0.02381   0.01872    0.3911
    55/199     9.22G   0.02643   0.01936    0.3106    0.3564        62       640    0.6635    0.7518    0.7411    0.4976   0.02397   0.01803    0.3397
    56/199     9.22G   0.02662   0.01939    0.3062    0.3522        71       640     0.557    0.8155    0.7196    0.4719   0.02428   0.01846    0.3436
    57/199     9.22G   0.02636   0.01904    0.2962    0.3416        71       640    0.5514    0.6849    0.6161    0.3867   0.02654   0.02025    0.4676
    58/199     9.22G   0.02615   0.01907    0.2862    0.3315        64       640    0.6118    0.7163    0.6858    0.4569   0.02331   0.01817    0.3897
    59/199     9.22G   0.02591   0.01875    0.2942    0.3388        66       640    0.6646    0.7525    0.7558    0.5162   0.02303   0.01743     0.331
    60/199     9.22G   0.02615    0.0188    0.2761     0.321        46       640    0.5641    0.7816    0.6987     0.473   0.02363   0.01801    0.3571
    61/199     9.22G   0.02623    0.0192    0.2767    0.3221        58       640    0.7066    0.7596    0.7715    0.5247   0.02369   0.01765    0.3149
    62/199     9.22G   0.02624   0.01857    0.2682     0.313        69       640    0.6937    0.7586    0.7672    0.5224   0.02365   0.01773    0.3136
    63/199     9.22G   0.02641    0.0189    0.2789    0.3242        61       640    0.6405    0.7279    0.7418    0.4934   0.02374   0.01793    0.3424
    64/199     9.22G   0.02622   0.01893    0.2608    0.3059        65       640    0.6255     0.776    0.7465    0.5017   0.02399   0.01729    0.3467
    65/199     9.22G   0.02614   0.01855    0.2502    0.2949        62       640    0.7026    0.7407    0.7725    0.5354   0.02287   0.01704    0.3337
    66/199     9.22G   0.02582   0.01883     0.256    0.3007        55       640    0.6882    0.7371    0.7556    0.5176   0.02334   0.01742    0.3521
    67/199     9.22G   0.02615   0.01876    0.2518    0.2967        46       640    0.6853    0.7213    0.7587    0.5185   0.02342   0.01762    0.3644
    68/199     9.22G   0.02593   0.01854     0.242    0.2864        66       640    0.7738    0.7127    0.8029    0.5527   0.02347   0.01742      0.29
    69/199     9.22G   0.02575   0.01846    0.2398     0.284        50       640    0.7688    0.7591    0.8164    0.5647   0.02346   0.01704    0.2765
    70/199     9.22G   0.02582   0.01874    0.2298    0.2743        68       640    0.7406    0.7335    0.7923    0.5477   0.02264   0.01709    0.3068
    71/199     9.22G   0.02557   0.01845    0.2289    0.2729        56       640    0.7469    0.7855      0.83     0.578   0.02219   0.01704    0.2669
    72/199     9.22G   0.02569   0.01839    0.2225    0.2666        63       640    0.7872    0.7488    0.8289    0.5797   0.02208   0.01717    0.2715
    73/199     9.22G   0.02562   0.01837    0.2229    0.2669        58       640    0.7696    0.7423    0.8239    0.5738   0.02243   0.01708    0.2857
    74/199     9.22G   0.02565   0.01846    0.2038     0.248        69       640    0.7465    0.8042    0.8269    0.5826   0.02227   0.01672    0.2822
    75/199     9.22G   0.02557   0.01802    0.2101    0.2537        63       640    0.7736    0.8056    0.8366    0.5873    0.0225    0.0168     0.257
    76/199     9.22G   0.02536   0.01808    0.2027    0.2461        53       640    0.7843    0.8052    0.8497    0.5987    0.0221   0.01655    0.2566
    77/199     9.22G   0.02499    0.0179    0.1981     0.241        56       640     0.822    0.7954    0.8776    0.6164   0.02183   0.01669    0.2233
    78/199     9.22G   0.02517   0.01763    0.1981    0.2409        63       640     0.769     0.834    0.8501    0.5953   0.02187   0.01671    0.2392
    79/199     9.22G   0.02505   0.01801    0.1897    0.2328        57       640    0.8084    0.8005    0.8519    0.5969   0.02245   0.01687    0.2528
    80/199     9.22G   0.02519   0.01781    0.1908    0.2338        73       640    0.8083    0.8065    0.8541    0.6057    0.0218   0.01641    0.2461
    81/199     9.22G   0.02502    0.0175    0.1812    0.2238        59       640    0.7998    0.8073    0.8735    0.6228   0.02149    0.0162     0.228
    82/199     9.22G   0.02575   0.01765    0.1731    0.2165        46       640    0.7785    0.8349     0.857    0.6072    0.0219   0.01684    0.2505
    83/199     9.22G   0.02512   0.01783    0.1764    0.2193        63       640     0.847    0.8096    0.8774    0.6183   0.02187   0.01659    0.2225
    84/199     9.22G   0.02502   0.01777    0.1628    0.2056        63       640    0.8556    0.8191    0.8853    0.6331   0.02129   0.01616    0.2026
    85/199     9.22G   0.02509   0.01752    0.1674      0.21        60       640    0.8232    0.7817    0.8461    0.6008   0.02189    0.0165     0.261
    86/199     9.22G   0.02456   0.01739     0.172    0.2139        60       640    0.8455    0.8043    0.8806    0.6245   0.02135   0.01618    0.2217
    87/199     9.22G   0.02499   0.01756    0.1618    0.2044        61       640    0.8036    0.8376    0.8768    0.6299   0.02137   0.01631    0.2284
    88/199     9.22G   0.02471   0.01735    0.1582    0.2003        63       640    0.8225    0.8386    0.8862    0.6412   0.02074   0.01593     0.211
    89/199     9.22G   0.02437    0.0174    0.1587    0.2005        59       640    0.8248    0.8488    0.8814    0.6355   0.02099   0.01597    0.2246
    90/199     9.22G   0.02488   0.01744    0.1439    0.1862        52       640    0.8447    0.8315    0.8827    0.6329   0.02125   0.01625    0.2073
    91/199     9.22G   0.02447   0.01723    0.1462    0.1879        53       640    0.8619    0.8051    0.8839    0.6362   0.02087   0.01587    0.2195
    92/199     9.22G   0.02468   0.01714    0.1434    0.1852        58       640    0.8378    0.8597    0.8969     0.648   0.02064   0.01607     0.195
    93/199     9.22G   0.02477    0.0171    0.1394    0.1813        70       640      0.87    0.8432    0.9008     0.652   0.02089   0.01595     0.191
    94/199     9.22G    0.0246   0.01722    0.1408    0.1827        61       640    0.8339    0.8611    0.8997    0.6542   0.02083   0.01566     0.203
    95/199     9.22G   0.02426   0.01722    0.1409    0.1824        63       640    0.8492    0.8438    0.8924    0.6433   0.02092   0.01581    0.2056
    96/199     9.22G   0.02425   0.01753    0.1358    0.1776        63       640    0.8663    0.8578    0.9023    0.6561   0.02075   0.01562     0.194
    97/199     9.22G   0.02443   0.01705    0.1247    0.1662        63       640    0.8799    0.8679    0.9071    0.6597   0.02072   0.01551    0.1916
    98/199     9.22G    0.0244   0.01685    0.1194    0.1607        54       640    0.8863    0.8489    0.9146    0.6658   0.02078   0.01556    0.1813
    99/199     9.22G   0.02422   0.01699    0.1284    0.1696        62       640    0.8655    0.8562    0.9121    0.6661   0.02039   0.01552    0.1819
   100/199     9.22G   0.02373   0.01694    0.1226    0.1632        57       640     0.861    0.8647    0.9087    0.6656   0.02031   0.01544    0.1874
   101/199     9.22G   0.02398   0.01713    0.1186    0.1597        50       640    0.8944    0.8582    0.9198    0.6726   0.02048   0.01527    0.1743
   102/199     9.22G     0.024    0.0167    0.1086    0.1493        50       640    0.8866    0.8613    0.9153    0.6724   0.02013    0.0152    0.1776
   103/199     9.22G   0.02383   0.01662    0.1107    0.1511        56       640    0.8926    0.8623    0.9145     0.675   0.01978    0.0152    0.1777
   104/199     9.22G   0.02384   0.01635    0.1075    0.1477        45       640    0.9074    0.8698    0.9241    0.6835   0.01998   0.01507      0.17
   105/199     9.22G   0.02367   0.01667    0.1139    0.1542        75       640    0.9064    0.8803    0.9263    0.6849   0.01994   0.01507    0.1672
   106/199     9.22G   0.02334   0.01613    0.1096    0.1491        48       640    0.8739    0.8838    0.9242    0.6846   0.01987     0.015    0.1685
   107/199     9.22G   0.02362   0.01621    0.1085    0.1484        55       640       0.9    0.8545    0.9238    0.6824   0.01999   0.01492    0.1721
   108/199     9.22G   0.02333   0.01658    0.0997    0.1396        69       640     0.897    0.8671    0.9193    0.6767   0.01999    0.0149    0.1759
   109/199     9.22G   0.02356   0.01648    0.1092    0.1493        54       640    0.9219    0.8479    0.9225     0.679   0.01994   0.01488    0.1695
   110/199     9.22G   0.02321   0.01646    0.1054    0.1451        78       640    0.9132    0.8608    0.9245    0.6889   0.01961   0.01489    0.1631
   111/199     9.22G   0.02319   0.01622    0.1016     0.141        70       640    0.8929    0.8823    0.9264    0.6892   0.01968    0.0148    0.1705
   112/199     9.22G   0.02308   0.01618    0.0955    0.1348        60       640    0.8866    0.8901    0.9291    0.6934   0.01966   0.01469    0.1628
   113/199     9.22G    0.0233   0.01617   0.09134    0.1308        66       640    0.9128    0.8827    0.9313     0.696   0.01943   0.01461    0.1634
   114/199     9.22G    0.0231   0.01599   0.09102    0.1301        65       640    0.9211      0.87    0.9285    0.6962   0.01938   0.01458     0.167
   115/199     9.22G   0.02294   0.01603   0.08671    0.1257        68       640    0.9031    0.8812    0.9257    0.6953   0.01924   0.01454    0.1697
   116/199     9.22G   0.02327   0.01596   0.08632    0.1255        63       640    0.9122    0.8773    0.9293    0.6993   0.01924   0.01451    0.1633
   117/199     9.22G   0.02294   0.01591   0.08415     0.123        66       640    0.9135    0.8938     0.935    0.7024   0.01927   0.01456    0.1537
   118/199     9.22G   0.02285   0.01593   0.08228    0.1211        64       640    0.9174    0.8888    0.9369    0.7022   0.01912   0.01443    0.1496
   119/199     9.22G    0.0227   0.01574   0.07927    0.1177        61       640    0.9146    0.8815    0.9298    0.7006   0.01901   0.01442    0.1591
   120/199     9.22G   0.02288   0.01593   0.08673    0.1255        64       640    0.9186      0.88    0.9315     0.699   0.01924   0.01444    0.1599
   121/199     6.83G   0.02258   0.01592   0.08226    0.1208        63       640    0.9284    0.8848    0.9302    0.6993   0.01923   0.01446    0.1555
   122/199     7.53G   0.02241   0.01605   0.07803    0.1165        56       640    0.9261     0.891    0.9295    0.6983   0.01922    0.0145    0.1586
   123/199     7.53G   0.02276   0.01575   0.07997    0.1185        56       640    0.9253    0.8836    0.9336    0.7055   0.01899   0.01443    0.1585
   124/199     7.53G    0.0225   0.01577   0.07641    0.1147        59       640    0.9268    0.8807    0.9289    0.7009   0.01897   0.01439    0.1643
   125/199     7.53G   0.02228   0.01562   0.06926    0.1072        62       640    0.9135     0.887    0.9265    0.7002   0.01896   0.01438    0.1709
   126/199     7.53G   0.02215    0.0159   0.07141    0.1095        57       640    0.9128    0.8971    0.9245    0.6996   0.01893   0.01427    0.1718
   127/199     7.53G   0.02201   0.01569   0.07828     0.116        48       640    0.9192     0.892     0.928    0.7036   0.01888   0.01427    0.1668
   128/199     7.53G   0.02187   0.01576   0.07854    0.1162        59       640    0.9307    0.8959    0.9287    0.7025   0.01882   0.01424    0.1637
   129/199     7.53G   0.02205   0.01568   0.07675    0.1145        54       640     0.938    0.8903    0.9336    0.7069   0.01891   0.01431    0.1554
   130/199     7.53G   0.02216   0.01553   0.06881    0.1065        58       640     0.923    0.8975    0.9339    0.7078   0.01881   0.01425    0.1575
   131/199     7.53G   0.02172   0.01525   0.06959    0.1066        49       640    0.9116    0.9028    0.9346    0.7106   0.01876   0.01413    0.1567
   132/199     7.53G   0.02184   0.01535   0.06496    0.1021        50       640    0.9179    0.9064    0.9372    0.7152   0.01863     0.014    0.1503
   133/199     7.53G   0.02196   0.01523   0.06547    0.1027        69       640    0.9408    0.8789    0.9362    0.7179   0.01858   0.01389    0.1567
   134/199     7.53G   0.02158   0.01542   0.06466    0.1017        65       640    0.9191    0.9043    0.9386    0.7194   0.01854   0.01387    0.1578
   135/199     7.53G   0.02158   0.01535   0.05964   0.09656        53       640    0.9214    0.9066    0.9367    0.7172   0.01846   0.01391    0.1593
   136/199     7.53G   0.02178    0.0149   0.06192    0.0986        64       640    0.9199    0.9073    0.9358    0.7173   0.01846   0.01392     0.158
   137/199     7.53G   0.02172   0.01519   0.05879    0.0957        54       640    0.9248    0.9014    0.9357    0.7151   0.01839   0.01391    0.1605
   138/199     7.53G   0.02143   0.01498   0.06313   0.09955        60       640    0.9289    0.8987    0.9352    0.7166   0.01832   0.01384    0.1602
   139/199     7.53G   0.02119   0.01513   0.06274   0.09906        61       640    0.9275    0.8997    0.9328    0.7154   0.01828   0.01381    0.1641
   140/199     7.53G   0.02097   0.01485   0.05598   0.09181        69       640    0.9274     0.896    0.9327    0.7161   0.01821   0.01379    0.1644
   141/199     7.53G   0.02109   0.01481   0.05248   0.08839        64       640    0.9201     0.912    0.9307    0.7158   0.01815   0.01376     0.166
   142/199     7.53G   0.02105   0.01485   0.05515   0.09104        72       640    0.9351    0.9005    0.9304    0.7178   0.01814   0.01375    0.1644
   143/199     7.53G    0.0211   0.01485   0.05716    0.0931        60       640    0.9332    0.9006    0.9317    0.7185   0.01808   0.01367    0.1639
   144/199     7.53G   0.02088   0.01476   0.05433   0.08997        54       640    0.9231    0.9068    0.9332    0.7197   0.01803   0.01366    0.1631
   145/199     7.53G   0.02104   0.01473   0.05335   0.08912        45       640    0.9335    0.8967    0.9351    0.7207   0.01803   0.01368     0.162
   146/199     7.53G   0.02085   0.01471   0.05117   0.08674        54       640    0.9148    0.9033    0.9328    0.7195   0.01802   0.01365     0.163
   147/199     7.53G   0.02091   0.01486   0.05034   0.08611        64       640     0.923    0.9014    0.9331    0.7192   0.01798   0.01363    0.1608
   148/199     7.53G   0.02066   0.01481   0.05434   0.08981        59       640    0.9181    0.9138     0.935    0.7211   0.01798   0.01359    0.1586
   149/199     7.53G   0.02071   0.01466   0.04913    0.0845        53       640    0.9239    0.9073    0.9372    0.7225   0.01799   0.01355    0.1539
   150/199     7.53G    0.0207   0.01469   0.05274   0.08814        56       640    0.9326    0.9042    0.9396    0.7252   0.01795   0.01352    0.1503
   151/199     7.53G   0.02056   0.01443   0.04737   0.08236        56       640    0.9454    0.8932    0.9411     0.729   0.01789   0.01347    0.1471
   152/199     7.53G   0.02053    0.0145   0.04481   0.07984        59       640    0.9454    0.8948    0.9424    0.7296   0.01781   0.01343    0.1472
   153/199     7.53G   0.02069   0.01453   0.04711   0.08233        70       640    0.9399    0.9004    0.9416    0.7302   0.01771   0.01339    0.1497
   154/199     7.53G    0.0204   0.01432   0.04318    0.0779        70       640    0.9313    0.9068    0.9417    0.7307   0.01763   0.01335      0.15
   155/199     7.53G   0.02016   0.01431   0.04787   0.08234        64       640    0.9357    0.9011    0.9402    0.7307   0.01755   0.01331    0.1514
   156/199     7.53G   0.02019   0.01453   0.04464   0.07936        68       640     0.935    0.9029    0.9399    0.7312   0.01753   0.01329    0.1537
   157/199     7.53G   0.02002   0.01435   0.04537   0.07975        62       640    0.9421    0.8993    0.9395     0.731    0.0175    0.0133    0.1553
   158/199     7.53G   0.02016   0.01429   0.04203   0.07648        65       640    0.9408    0.9022    0.9407     0.732   0.01747   0.01327    0.1551
   159/199     7.53G   0.02004   0.01422   0.04101   0.07527        55       640    0.9418    0.9056    0.9406    0.7321   0.01745   0.01328    0.1559
   160/199     7.53G   0.02006   0.01409   0.04069   0.07484        56       640    0.9419    0.9089    0.9404    0.7323   0.01743   0.01327    0.1576
   161/199     7.53G    0.0199   0.01418   0.03854   0.07261        56       640    0.9357    0.9117    0.9399    0.7319    0.0174   0.01326    0.1587
   162/199     7.53G   0.01982   0.01408   0.03989   0.07378        68       640    0.9276    0.9187    0.9402    0.7325   0.01739   0.01325    0.1572
   163/199     7.53G   0.01979   0.01419   0.04226   0.07624        62       640    0.9403    0.9092      0.94     0.732   0.01736   0.01323    0.1573
   164/199     7.53G   0.01991   0.01437   0.04153   0.07581        68       640    0.9368    0.9128    0.9403    0.7319   0.01734   0.01322    0.1575
   165/199     7.53G   0.01957   0.01412    0.0365    0.0702        53       640    0.9356    0.9115    0.9402    0.7331   0.01731   0.01322    0.1574
   166/199     7.53G   0.01961   0.01396   0.03379   0.06736        61       640    0.9337    0.9141    0.9409    0.7353   0.01727   0.01318    0.1555
   167/199     7.53G   0.01963   0.01382    0.0354   0.06886        67       640    0.9199     0.925    0.9421    0.7361   0.01724   0.01315    0.1545
   168/199     7.53G   0.01981   0.01387   0.03634   0.07003        58       640    0.9318    0.9173    0.9413    0.7354   0.01721   0.01312    0.1553
   169/199     7.53G   0.01963   0.01402   0.03384   0.06748        55       640    0.9273    0.9188     0.942    0.7366   0.01718   0.01308    0.1563
   170/199     7.53G   0.01963    0.0139   0.03477   0.06831        74       640    0.9312    0.9177    0.9411    0.7357   0.01716   0.01304    0.1589
   171/199     7.53G   0.01928   0.01377   0.03739   0.07045        51       640    0.9259    0.9184    0.9409    0.7359   0.01714   0.01302    0.1603
   172/199     7.53G   0.01927   0.01393    0.0313    0.0645        56       640    0.9271    0.9186    0.9407    0.7361   0.01711   0.01299    0.1603
   173/199     7.53G   0.01943   0.01383   0.03686   0.07013        57       640    0.9288    0.9166      0.94     0.735   0.01709   0.01299    0.1609
   174/199     7.53G   0.01914   0.01402   0.03522   0.06838        62       640    0.9269    0.9207    0.9406    0.7356   0.01707   0.01298    0.1604
   175/199     7.53G   0.01924   0.01384    0.0349   0.06798        60       640    0.9254    0.9229    0.9414    0.7369   0.01705   0.01297    0.1607
   176/199     7.53G   0.01921   0.01379   0.03552   0.06852        62       640    0.9298    0.9181    0.9422    0.7376   0.01703   0.01296    0.1597
   177/199     7.53G   0.01925   0.01391   0.03736   0.07052        71       640    0.9323    0.9148    0.9421     0.737   0.01703   0.01295    0.1589
   178/199     7.53G   0.01939   0.01395   0.03783   0.07117        71       640    0.9334    0.9157    0.9435    0.7371   0.01703   0.01295    0.1556
   179/199     7.53G     0.019   0.01373   0.03519   0.06792        64       640     0.936    0.9128    0.9435    0.7378   0.01702   0.01295    0.1545
   180/199     7.53G   0.01912   0.01359   0.03056   0.06326        66       640    0.9327    0.9157    0.9434     0.738   0.01702   0.01294    0.1545
   181/199     7.53G    0.0191   0.01357   0.03228   0.06495        46       640    0.9379    0.9123    0.9429     0.737   0.01701   0.01293    0.1553
   182/199     7.53G   0.01905   0.01372   0.03182   0.06459        58       640    0.9389    0.9124    0.9427    0.7371     0.017   0.01293    0.1548
   183/199     7.53G   0.01877   0.01338   0.02933   0.06148        69       640    0.9402    0.9089    0.9427    0.7377   0.01698   0.01291    0.1552
   184/199     7.53G    0.0188   0.01351   0.03035   0.06266        61       640    0.9374    0.9134    0.9428    0.7375   0.01695   0.01289    0.1552
   185/199     7.53G   0.01879   0.01357   0.03149   0.06385        65       640    0.9341    0.9167    0.9428    0.7385   0.01692   0.01288    0.1558
   186/199     7.53G   0.01876   0.01349   0.02921   0.06147        62       640    0.9267    0.9231    0.9434    0.7394    0.0169   0.01286    0.1556
   187/199     7.53G   0.01851   0.01345   0.02558   0.05753        55       640    0.9298    0.9223    0.9428    0.7386   0.01688   0.01284     0.156
   188/199     7.53G    0.0188   0.01345   0.02812   0.06037        46       640    0.9333    0.9183    0.9421    0.7389   0.01687   0.01283    0.1572
   189/199     7.53G   0.01867   0.01342   0.03171    0.0638        66       640    0.9328     0.918     0.941    0.7385   0.01685   0.01281     0.159
   190/199     7.53G   0.01861   0.01332   0.03015   0.06209        50       640    0.9286    0.9202    0.9409     0.739   0.01682   0.01279      0.16
   191/199     7.53G   0.01872   0.01357   0.02958   0.06186        68       640    0.9223    0.9261    0.9415    0.7386    0.0168   0.01278    0.1594
   192/199     7.53G   0.01849   0.01336   0.02963   0.06148        56       640    0.9248    0.9264     0.942    0.7401   0.01677   0.01277    0.1586
   193/199     7.53G   0.01867   0.01347   0.03041   0.06255        63       640    0.9265    0.9253    0.9426    0.7409   0.01676   0.01277     0.158
   194/199     7.53G   0.01892   0.01339   0.02883   0.06114        58       640    0.9274    0.9242    0.9426    0.7411   0.01675   0.01275    0.1574
   195/199     7.53G    0.0187   0.01343   0.02991   0.06203        69       640    0.9228    0.9273    0.9431    0.7415   0.01673   0.01274    0.1573
   196/199     7.53G   0.01852    0.0132   0.02576   0.05748        63       640    0.9236    0.9265    0.9432    0.7422   0.01672   0.01273     0.157
   197/199     7.53G   0.01853    0.0133   0.02595   0.05778        53       640    0.9273    0.9265    0.9431    0.7425   0.01671   0.01272    0.1575
   198/199     7.53G   0.01838   0.01329   0.02912   0.06079        56       640    0.9278    0.9267    0.9423    0.7421    0.0167   0.01271    0.1573
   199/199     7.53G   0.01852   0.01325   0.02833    0.0601        63       640    0.9327    0.9243    0.9421    0.7414   0.01668   0.01269    0.1571
