     0/149     2.38G   0.06297   0.02947    0.5887    0.6811         9       640   0.05484    0.4586   0.08337    0.0217   0.03935   0.01837    0.6013
     1/149     6.38G   0.04414   0.02064    0.5354    0.6002        11       640    0.3314    0.4416    0.2187   0.06328   0.03558   0.01418     0.428
     2/149     6.38G   0.03945   0.01795    0.5256     0.583         8       640    0.2998    0.2547   0.08505   0.02925    0.0357   0.01917    0.4477
     3/149     6.38G   0.03911   0.01775    0.5286    0.5855        11       640    0.2822    0.3122    0.0768   0.02331   0.03934   0.03094    0.5426
     4/149     6.38G   0.03917    0.0169    0.5211    0.5771         7       640    0.3861    0.4031    0.2384    0.1105   0.02463   0.01743    0.3931
     5/149     6.38G   0.03776   0.01801    0.5319    0.5877         9       640     0.214    0.2593  0.006153  0.001022   0.06992   0.08913    0.7643
     6/149     6.38G   0.03694   0.01778    0.5279    0.5826        10       640    0.3115    0.4088    0.1489   0.06579   0.02694   0.04986    0.4317
     7/149     6.38G   0.03652   0.01732    0.5136    0.5674         9       640    0.4668     0.284    0.2189    0.1143   0.02765   0.01708    0.4003
     8/149     6.38G   0.03514   0.01629    0.5073    0.5587        10       640    0.3442    0.3823    0.1957   0.09037   0.02715   0.01905    0.4905
     9/149     6.38G   0.03325   0.01562    0.5023    0.5512         8       640    0.2408     0.664    0.3418    0.2051   0.01924   0.01461    0.3699
    10/149     6.38G   0.03222   0.01508    0.4943    0.5416         7       640     0.273    0.6431    0.3391     0.204   0.02112   0.01125    0.4173
    11/149     6.38G    0.0309    0.0149    0.4881    0.5339         4       640    0.3896    0.5554    0.3834    0.2439    0.0182    0.0107    0.3531
    12/149     6.38G   0.03031   0.01449    0.4811    0.5259         8       640    0.3591    0.5302    0.3642    0.2213   0.02026    0.0119    0.3816
    13/149     6.38G   0.02966   0.01417    0.4733    0.5171         8       640    0.3335    0.5543    0.3527    0.2194   0.01879   0.01362     0.421
    14/149     6.38G   0.02918   0.01376    0.4712    0.5141        11       640    0.3432    0.6712    0.4261     0.292   0.01684  0.008932    0.3446
    15/149     6.38G   0.02877   0.01396    0.4626    0.5053        13       640    0.3204    0.6806    0.3946    0.2482   0.01785   0.01051    0.3639
    16/149     6.38G   0.02867   0.01379     0.456    0.4985         5       640    0.3694    0.6451    0.4103    0.2648   0.01769  0.009535    0.3756
    17/149     6.38G   0.02879   0.01356    0.4537    0.4961         7       640    0.3639    0.6873    0.4117    0.2633   0.01991  0.009377    0.3593
    18/149     6.38G   0.02832   0.01353    0.4556    0.4974         8       640    0.3625    0.7024    0.4363    0.3024   0.01662  0.008579    0.3668
    19/149     6.38G   0.02824   0.01343    0.4484    0.4901        10       640    0.3776    0.6757    0.4472    0.3079   0.01669  0.008771    0.3321
    20/149     6.38G   0.02808   0.01332    0.4441    0.4855         6       640    0.4207    0.6281    0.4655    0.3023   0.01717  0.008557    0.3215
    21/149     6.38G   0.02745   0.01329    0.4343     0.475        11       640    0.4259    0.6198    0.4689     0.319   0.01643  0.008977    0.3302
    22/149     6.38G   0.02772    0.0133     0.437    0.4781         6       640     0.368    0.6659    0.4388    0.2851   0.01789  0.009421    0.3419
    23/149     6.38G   0.02748   0.01332    0.4288    0.4696         9       640    0.3481    0.8141    0.4744     0.328    0.0158  0.008114    0.3185
    24/149     6.38G   0.02749   0.01341    0.4241     0.465         6       640    0.3732    0.6257    0.4446    0.2873   0.01738   0.01064    0.3405
    25/149     6.38G   0.02721   0.01327    0.4272    0.4677         6       640    0.4304    0.6917    0.4981    0.3435   0.01639  0.007611    0.3223
    26/149     6.38G   0.02719   0.01299     0.418    0.4582         8       640    0.3913    0.6946    0.4578    0.3113   0.01683  0.009304    0.3393
    27/149     6.38G   0.02703   0.01313    0.4094    0.4496         8       640    0.4303    0.7212    0.4772    0.3329   0.01576   0.00822    0.3346
    28/149     6.38G   0.02722   0.01299     0.408    0.4482         5       640    0.4044    0.6409    0.4758    0.3326   0.01632  0.009424    0.3206
    29/149     6.38G   0.02741   0.01303     0.414    0.4545         9       640    0.4012    0.7359    0.5186    0.3551   0.01608  0.008604    0.3057
    30/149     6.38G   0.02693   0.01305    0.4011    0.4411         9       640    0.4231    0.7086    0.5205    0.3628   0.01602  0.008428    0.3087
    31/149     6.38G   0.02703   0.01315     0.403    0.4432         9       640    0.4429    0.7044    0.5322    0.3719   0.01586  0.007703    0.2935
    32/149     6.38G   0.02679   0.01306    0.4009    0.4408         7       640    0.4249    0.7534    0.5325    0.3767   0.01586  0.007954    0.3037
    33/149     6.38G   0.02695   0.01301    0.3885    0.4285        10       640    0.4631    0.6947    0.5344    0.3857   0.01519  0.008044    0.3468
    34/149     6.38G   0.02675   0.01268    0.3898    0.4293         6       640     0.424    0.6864    0.4955    0.3364   0.01732  0.008701    0.3171
    35/149     6.38G   0.02657   0.01313    0.3791    0.4188        10       640    0.4428    0.7039    0.5462    0.3883   0.01581  0.009204     0.286
    36/149     6.38G    0.0266   0.01274    0.3739    0.4132         8       640    0.4776    0.6664    0.5429    0.3868   0.01601  0.007967    0.2994
    37/149     6.38G   0.02667   0.01307    0.3718    0.4116         6       640    0.4945    0.5706     0.466    0.3166   0.01656   0.01011    0.3405
    38/149     6.38G   0.02696   0.01308    0.3635    0.4036         6       640    0.5035    0.6683    0.5557      0.39   0.01562  0.007912    0.2983
    39/149     6.38G   0.02718   0.01329    0.3667    0.4072        11       640    0.4342    0.7044    0.5549    0.3763   0.01645  0.008306    0.3033
    40/149     6.38G    0.0267   0.01293    0.3613    0.4009         8       640    0.4963    0.7193     0.596    0.4239   0.01536  0.008376    0.2628
    41/149     6.38G   0.02697   0.01318    0.3611    0.4013         6       640    0.4771    0.6479    0.5156    0.3589   0.01588   0.00804    0.3259
    42/149     6.38G   0.02669   0.01295     0.349    0.3887         9       640    0.5457    0.6498    0.5592    0.3908   0.01564  0.008062    0.2781
    43/149     6.38G   0.02678   0.01266    0.3416     0.381         7       640    0.5047    0.6546    0.5842    0.4094   0.01559   0.00778    0.3008
    44/149     6.38G   0.02664    0.0128    0.3452    0.3846         7       640    0.6483    0.5305    0.5364    0.3767   0.01546  0.009076     0.283
    45/149     6.38G   0.02634   0.01286    0.3401    0.3793         5       640     0.528    0.7281    0.6296    0.4478    0.0157  0.008635    0.2592
    46/149     6.38G    0.0265   0.01304    0.3327    0.3723        13       640    0.5103    0.6724    0.5931    0.4183   0.01554  0.009172    0.2705
    47/149     6.38G   0.02615   0.01302    0.3266    0.3658         9       640    0.5013    0.6812    0.5786    0.3967   0.01706  0.008335    0.3135
    48/149     6.38G   0.02666     0.013    0.3302    0.3698        11       640    0.5256    0.7002    0.6182    0.4294   0.01583  0.008175    0.2874
    49/149     6.38G   0.02699   0.01297    0.3344    0.3743         7       640    0.5726    0.6321     0.609    0.4226   0.01588  0.008516    0.2902
    50/149     6.38G   0.02692   0.01282    0.3225    0.3622         9       640    0.5139    0.6974    0.6186    0.4364   0.01538  0.007586    0.2775
    51/149     6.38G   0.02627   0.01269    0.3224    0.3614         8       640    0.5676    0.7423    0.6611     0.459   0.01584  0.008109    0.2446
    52/149     6.38G    0.0263   0.01292    0.3082    0.3474        11       640    0.6085    0.6532    0.6408    0.4467    0.0155  0.008039    0.3032
    53/149     6.38G   0.02668   0.01279    0.3084    0.3479         9       640    0.6156    0.6963    0.6599    0.4512    0.0159  0.007859    0.2488
    54/149     6.38G   0.02631   0.01273    0.3074    0.3465        10       640    0.6034    0.6757     0.668    0.4773   0.01531  0.008351     0.258
    55/149     6.38G   0.02648   0.01261    0.3035    0.3426        10       640    0.6633    0.6703    0.6891    0.4912   0.01509  0.007816    0.2604
    56/149     6.38G   0.02655   0.01279     0.292    0.3313        10       640    0.6459    0.6728    0.6923    0.4874   0.01568  0.007993    0.2376
    57/149     6.38G   0.02597   0.01241    0.2918    0.3302         5       640     0.649    0.7301    0.7241    0.5134   0.01543  0.007837     0.249
    58/149     6.38G   0.02613   0.01264    0.2872    0.3259        10       640    0.6263    0.7407    0.7208    0.5226   0.01514  0.007549    0.2149
    59/149     6.38G     0.026   0.01234    0.2791    0.3174        10       640    0.6579    0.6637    0.6934    0.4974   0.01531  0.008145    0.2545
    60/149     6.38G   0.02624   0.01225     0.282    0.3205         9       640    0.6825    0.6616    0.6954    0.4961   0.01523  0.007806    0.2551
    61/149     6.38G   0.02608   0.01256    0.2725    0.3111         8       640    0.6639    0.7294    0.7473    0.5349   0.01501  0.007532    0.2365
    62/149     6.38G   0.02638   0.01236    0.2805    0.3192         8       640    0.6871    0.7152    0.7413    0.5332   0.01492  0.007836    0.2307
    63/149     6.38G   0.02617   0.01239    0.2713    0.3099         9       640    0.7013    0.6935    0.7421    0.5363   0.01472  0.007697    0.2157
    64/149     6.38G   0.02608   0.01238    0.2664    0.3049         9       640    0.6437     0.762      0.75    0.5551   0.01462  0.007641    0.2148
    65/149     6.38G   0.02567   0.01214    0.2573    0.2951         8       640    0.7122    0.7103    0.7544    0.5506   0.01467  0.007516    0.2217
    66/149     6.38G   0.02571   0.01203    0.2575    0.2952         7       640     0.675    0.7374    0.7556    0.5479   0.01489  0.007273    0.2219
    67/149     6.38G   0.02582   0.01213    0.2638    0.3017         7       640    0.6856    0.7477    0.7702    0.5627   0.01466   0.00727    0.2014
    68/149     6.38G   0.02562   0.01248    0.2474    0.2855        12       640    0.7143    0.7278    0.7776    0.5693    0.0146  0.007349    0.2021
    69/149     6.38G   0.02559   0.01218    0.2466    0.2844         8       640    0.7216    0.7503    0.7819    0.5712   0.01459  0.007245    0.1982
    70/149     6.38G    0.0254   0.01203    0.2418    0.2792         4       640     0.731    0.7384    0.7762    0.5713   0.01476  0.007628    0.1937
    71/149     6.38G   0.02558   0.01203    0.2307    0.2683         8       640    0.6835    0.7647    0.7683    0.5588   0.01426  0.007229    0.2082
    72/149     6.38G   0.02545   0.01205    0.2328    0.2703         6       640    0.7369     0.735    0.7814     0.578   0.01413  0.007218    0.1913
    73/149     6.38G   0.02547   0.01189    0.2301    0.2675         7       640    0.7105    0.7723    0.7973    0.5917   0.01428   0.00701    0.1933
    74/149     6.38G   0.02507   0.01188    0.2289    0.2658         6       640    0.7234    0.7759    0.7981    0.5905    0.0142   0.00763    0.1907
    75/149     6.38G   0.02498   0.01166    0.2198    0.2565         4       640    0.7239    0.7962    0.8089    0.5934   0.01436  0.007129    0.1836
    76/149     6.38G   0.02509   0.01177    0.2218    0.2586         7       640      0.75    0.7469    0.7855    0.5874   0.01421  0.007174    0.1806
    77/149     6.38G    0.0249   0.01181    0.2127    0.2494         5       640    0.8319    0.7196    0.8093    0.6083    0.0142  0.007085    0.1937
    78/149     6.38G   0.02456   0.01172    0.2109    0.2471         4       640    0.7597    0.7777    0.8151    0.6055   0.01424  0.007188    0.1726
    79/149     6.38G   0.02516   0.01196    0.2104    0.2475         9       640    0.7633    0.7407    0.7826    0.5835   0.01431  0.007174     0.188
    80/149     6.38G    0.0248   0.01182    0.2063    0.2429         7       640    0.7796    0.7544     0.813    0.6027   0.01393  0.007256    0.1716
    81/149     6.38G    0.0249   0.01166    0.1985    0.2351         8       640    0.7754    0.7738    0.8159    0.6092   0.01418  0.007286     0.181
    82/149     6.38G   0.02482   0.01165    0.2048    0.2413         9       640    0.8102    0.7842    0.8364    0.6229   0.01403  0.006951    0.1707
    83/149     6.38G   0.02467   0.01147    0.1977    0.2339         9       640    0.8474    0.7358    0.8272    0.6236   0.01407  0.006857    0.1743
    84/149     6.38G   0.02463   0.01158    0.2028     0.239         9       640    0.7971    0.7712    0.8316    0.6252   0.01397  0.007014    0.1674
    85/149     6.38G   0.02501   0.01157    0.1975    0.2341         6       640    0.8248      0.78    0.8428    0.6362     0.014  0.006956    0.1631
    86/149     6.38G   0.02442   0.01138    0.1867    0.2225         8       640    0.8166    0.8006    0.8456    0.6354   0.01394  0.006959    0.1606
    87/149     6.38G   0.02441    0.0113    0.1819    0.2176        12       640    0.8456    0.7741    0.8499    0.6422   0.01383    0.0068    0.1556
    88/149     6.38G   0.02413   0.01131    0.1812    0.2167         5       640    0.8669    0.7729    0.8555    0.6517   0.01359  0.006631    0.1499
    89/149     6.38G   0.02421   0.01145    0.1807    0.2164         9       640    0.8441    0.7925    0.8545    0.6488    0.0137  0.006804     0.158
    90/149     6.38G   0.02408   0.01131    0.1798    0.2152        10       640    0.8392    0.8177    0.8656    0.6605   0.01375  0.006813    0.1586
    91/149     6.38G   0.02419   0.01128    0.1825    0.2179         6       640    0.8748    0.7899    0.8719    0.6634   0.01361  0.006776    0.1425
    92/149     6.38G   0.02387   0.01109    0.1717    0.2067         7       640    0.8606    0.8201    0.8736    0.6695   0.01363  0.006895    0.1473
    93/149     6.38G   0.02394   0.01112    0.1736    0.2086        11       640    0.8356    0.7856    0.8636    0.6617   0.01369  0.006717    0.1535
    94/149     6.38G   0.02375   0.01119    0.1706    0.2056         6       640    0.8328     0.809    0.8619    0.6601   0.01371  0.006625     0.149
    95/149     6.38G   0.02366   0.01107    0.1638    0.1986         4       640    0.8321    0.8184    0.8658    0.6615   0.01361   0.00658    0.1398
    96/149     6.38G   0.02341   0.01102    0.1557    0.1901         9       640     0.882    0.8018    0.8855    0.6796   0.01355  0.006586    0.1306
    97/149     6.38G   0.02353   0.01089    0.1592    0.1936         8       640    0.8664     0.815    0.8705    0.6669   0.01341  0.006693    0.1449
    98/149     6.38G   0.02387   0.01113    0.1605    0.1955        11       640    0.8678     0.826     0.882    0.6725    0.0135  0.006546    0.1376
    99/149     6.38G   0.02348   0.01094    0.1584    0.1928         8       640     0.863    0.8166    0.8883    0.6809   0.01329  0.006515    0.1317
   100/149     6.38G   0.02373   0.01096    0.1544    0.1891         9       640    0.8613    0.8464    0.8944    0.6898   0.01335  0.006466    0.1324
   101/149     6.38G   0.02335   0.01065    0.1526    0.1866        11       640    0.8809    0.8226    0.8851    0.6808   0.01335  0.006534    0.1353
   102/149     6.38G   0.02335   0.01105     0.149    0.1834        11       640    0.8954    0.8211    0.8884    0.6852    0.0134  0.006523     0.128
   103/149     6.38G   0.02334   0.01075    0.1519    0.1859         7       640    0.9024    0.8104    0.8848    0.6816   0.01335  0.006389    0.1361
   104/149     6.38G   0.02333   0.01073    0.1466    0.1807         5       640    0.8913    0.8139    0.8839    0.6843   0.01328  0.006369    0.1362
   105/149     6.38G   0.02333   0.01083    0.1519    0.1861        10       640    0.8983    0.8199    0.8944     0.692   0.01337  0.006481    0.1249
   106/149     6.38G   0.02321   0.01083    0.1446    0.1786         5       640    0.8889    0.8191    0.8864    0.6861   0.01333  0.006349    0.1333
   107/149     6.38G   0.02289   0.01059     0.146    0.1795        10       640     0.877    0.8461    0.8908      0.69   0.01336  0.006342    0.1322
   108/149     6.38G   0.02285   0.01077    0.1429    0.1765        14       640    0.8937    0.8369    0.8942    0.6913    0.0133  0.006336     0.125
   109/149     6.38G   0.02318   0.01078    0.1341     0.168         8       640     0.896    0.8429     0.897    0.6936   0.01328  0.006317    0.1235
   110/149     6.38G   0.02286   0.01071    0.1387    0.1723         4       640    0.9028    0.8452    0.8984    0.6986   0.01312  0.006408    0.1218
   111/149     6.38G   0.02288   0.01043    0.1368    0.1701         6       640    0.9154    0.8427    0.9073    0.7042   0.01317  0.006242    0.1192
   112/149     6.38G   0.02283   0.01062     0.137    0.1704         6       640    0.8906    0.8591    0.9017    0.7018    0.0132  0.006355    0.1252
   113/149     6.38G   0.02269   0.01047    0.1381    0.1713         7       640    0.9093    0.8578    0.9043    0.7048   0.01302  0.006367    0.1184
   114/149     6.38G   0.02257    0.0105     0.132    0.1651         7       640    0.8935    0.8641    0.9035     0.707   0.01296   0.00634    0.1233
   115/149     6.38G   0.02236   0.01024    0.1315    0.1641        11       640     0.904    0.8522    0.9015    0.7069   0.01292  0.006275    0.1217
   116/149     6.38G   0.02248   0.01047    0.1244    0.1574         6       640    0.9108    0.8349    0.9024    0.7066   0.01285  0.006183    0.1231
   117/149     6.38G    0.0226   0.01041    0.1296    0.1626        11       640    0.8927    0.8628    0.9034    0.7063   0.01283  0.006242    0.1208
   118/149     6.38G   0.02234   0.01051    0.1302     0.163         7       640    0.9035    0.8434    0.9042    0.7079    0.0128  0.006209    0.1166
   119/149     6.38G   0.02248   0.01026     0.126    0.1587         4       640    0.8905    0.8623    0.9025    0.7058   0.01277   0.00615    0.1205
   120/149     6.38G   0.02208   0.01022    0.1192    0.1515         8       640    0.9081    0.8388    0.9042    0.7133    0.0128  0.006201    0.1177
   121/149     6.38G   0.02226    0.0104    0.1228    0.1555         5       640    0.8885    0.8736    0.9085    0.7137   0.01276  0.006152    0.1159
   122/149     6.38G   0.02227   0.01018    0.1242    0.1566        11       640    0.8767    0.8752    0.9042    0.7111   0.01273  0.006112    0.1224
   123/149     6.38G    0.0223   0.01009    0.1124    0.1447         5       640    0.8824    0.8622    0.8972    0.7047   0.01273  0.006121    0.1255
   124/149     6.38G   0.02216   0.01021    0.1214    0.1538         9       640    0.9098    0.8475    0.9016    0.7074    0.0127  0.006148    0.1247
   125/149     6.38G   0.02205   0.01009    0.1192    0.1513         4       640    0.8672    0.8752     0.909     0.718   0.01262  0.006094    0.1227
   126/149     6.38G     0.022   0.01017    0.1167    0.1488        10       640    0.9086    0.8468    0.9069    0.7146   0.01265  0.006069    0.1209
   127/149     6.38G   0.02191   0.01004    0.1157    0.1476         9       640    0.8903    0.8788    0.9118    0.7189   0.01271  0.006099    0.1172
   128/149     6.38G   0.02164   0.01019     0.112    0.1438         6       640    0.8849      0.89    0.9098    0.7168   0.01269  0.006054    0.1166
   129/149     6.38G   0.02196  0.009988     0.119    0.1509         7       640    0.9177    0.8565    0.9106     0.717   0.01269  0.006059    0.1177
   130/149     6.38G   0.02159   0.01007    0.1124     0.144         7       640    0.8939    0.8721    0.9076    0.7153    0.0127  0.006068    0.1192
   131/149     6.38G   0.02155    0.0101     0.109    0.1406         8       640    0.9138     0.872    0.9113     0.717   0.01264  0.006065    0.1164
   132/149     6.38G    0.0217  0.009983    0.1052    0.1369         5       640    0.9092    0.8757    0.9137    0.7202    0.0126  0.006038    0.1176
   133/149     6.38G   0.02142  0.009952    0.1029    0.1343         4       640    0.9116    0.8592    0.9137    0.7239    0.0126   0.00604    0.1192
   134/149     6.38G   0.02151   0.01002     0.108    0.1395         7       640    0.9065    0.8719    0.9124    0.7223   0.01252  0.005992    0.1224
   135/149     6.38G   0.02143   0.00992     0.106    0.1374        12       640     0.901    0.8731     0.912    0.7223    0.0125  0.005988    0.1223
   136/149     6.38G   0.02155  0.009811    0.1029    0.1342         4       640    0.9076    0.8613    0.9064    0.7189   0.01249  0.005974    0.1255
   137/149     6.38G   0.02146   0.01002    0.1053    0.1368         9       640    0.9091    0.8622    0.9085    0.7187   0.01251  0.005983    0.1225
   138/149     6.38G    0.0212  0.009896    0.1019     0.133         6       640    0.9019    0.8699    0.9091     0.719   0.01251  0.005956    0.1232
   139/149     6.38G   0.02119  0.009929    0.1021    0.1332        11       640    0.9122    0.8667    0.9125    0.7224    0.0125   0.00593    0.1214
   140/149     6.38G   0.02092  0.009638    0.1061    0.1367         5       640    0.9159    0.8687    0.9128    0.7218   0.01246  0.005895    0.1208
   141/149     6.38G   0.02097  0.009779   0.09506    0.1258        11       640    0.9098     0.875    0.9137    0.7247   0.01243  0.005889    0.1212
   142/149     6.38G   0.02117  0.009763    0.1025    0.1334         7       640     0.915    0.8647    0.9127    0.7266   0.01242  0.005887    0.1222
   143/149     6.38G   0.02122  0.009944    0.1026    0.1337         9       640    0.8965    0.8755    0.9113    0.7254   0.01239  0.005863    0.1241
   144/149     6.38G   0.02116  0.009813    0.1031    0.1341        10       640    0.9081    0.8662    0.9119    0.7243   0.01238  0.005869    0.1258
   145/149     6.38G   0.02117   0.01005    0.1033    0.1346         5       640    0.9079    0.8666    0.9138    0.7281   0.01233  0.005863    0.1241
   146/149     6.38G   0.02114  0.009774    0.1029    0.1338         8       640    0.8902    0.8879    0.9136    0.7281   0.01231  0.005873    0.1253
   147/149     6.38G   0.02086  0.009546   0.09396    0.1244         8       640    0.9099    0.8792    0.9145    0.7286    0.0123  0.005864    0.1244
   148/149     6.38G   0.02101  0.009576   0.09898    0.1296         6       640    0.9098     0.888    0.9136    0.7278   0.01232  0.005874    0.1259
   149/149     6.38G     0.021  0.009658     0.102    0.1327        12       640    0.9138    0.8849    0.9178    0.7301   0.01232  0.005885    0.1236
