0.855208
0.855208
0.823958
0.820486
0.823958
0.820486
0.788889
0.788889
0.743056
0.743056
0.677778
0.677778
0.609375
0.625000
0.606944
0.609375
0.625000
0.606944
0.547222
0.552431
0.547222
0.552431
0.497222
0.494444
0.497222
0.494444
0.497222
0.494444
0.415278
0.433333
0.415278
0.433333
0.350694
0.350694
0.291319
0.291319
0.256250
0.256250
0.194097
0.206250
0.188194
0.738889
0.738889
0.738889
0.578819
0.578819
0.486111
0.486111
0.423611
0.423611
0.423611
0.373958
0.380903
0.344792
0.344792
0.344792
0.878125
0.878125
0.878125
0.847569
0.847569
0.845486
0.845486
0.788542
0.804514
0.788542
0.804514
0.787153
0.787153
0.728125
0.742361
0.728125
0.742361
0.728125
0.742361
0.685417
0.670486
0.685417
0.670486
0.594097
0.594097
0.525694
0.525694
0.474306
0.456597
0.474306
0.456597
0.474306
0.456597
0.389236
0.389236
0.353125
0.284722
0.284722
0.232639
0.249306
0.232639
0.249306
0.194097
0.212500
0.828472
0.820486
0.828472
0.820486
0.828472
0.820486
0.807986
0.807986
0.775347
0.775347
0.707639
0.707639
0.707639
0.644444
0.658681
0.644444
0.658681
0.589931
0.589931
0.589931
0.526042
0.526042
0.460069
0.460069
0.460069
0.388194
0.388194
0.316667
0.316667
0.285764
0.285764
0.859028
0.219792
0.859028
0.219792
0.823264
0.823264
0.151736
0.794097
0.788542
0.151736
0.794097
0.788542
0.759028
0.759028
0.694097
0.715278
0.719097
0.694097
0.715278
0.719097
0.694097
0.715278
0.719097
0.649306
0.647222
0.649306
0.647222
0.581944
0.594444
0.581944
0.594444
0.509722
0.516667
0.530903
0.509722
0.516667
0.530903
0.509722
0.516667
0.530903
0.434028
0.454167
0.434028
0.454167
0.382986
0.389931
0.345833
0.345833
0.287500
0.286458
0.287500
0.286458
0.238889
0.234375
0.165625
0.172569
0.165625
0.172569
0.135069
0.138542
0.135069
0.138542
0.121181
0.121181
0.796875
0.794444
0.796875
0.794444
0.770486
0.773611
0.770486
0.773611
0.770486
0.773611
0.742361
0.733681
0.742361
0.733681
0.711111
0.711111
0.687153
0.687153
0.665972
0.665972
0.665972
0.638889
0.638889
0.614236
0.615972
0.614236
0.615972
0.573264
0.573264
0.573264
0.573264
0.573264
0.573264
0.525694
0.525694
0.503472
0.487847
0.503472
0.487847
0.455903
0.446181
0.455903
0.446181
0.409722
0.409722
0.359375
0.359375
0.324653
0.266667
0.277778
0.266667
0.277778
0.234028
0.231250
0.193056
0.193056
0.193056
0.154514
0.154514
0.783333
0.786458
0.783333
0.786458
0.783333
0.775694
0.783333
0.775694
0.748611
0.759028
0.748611
0.759028
0.748611
0.759028
0.720833
0.720833
0.713542
0.733333
0.743750
0.713542
0.733333
0.743750
0.739236
0.754514
0.739236
0.754514
0.720139
0.720139
0.653819
0.653819
0.589931
0.589931
0.526042
0.526042
0.526042
0.464236
0.464236
0.410417
0.410417
0.348958
0.348958
0.299653
0.293403
0.247222
0.247222
0.208333
0.195486
0.816667
0.816667
0.816667
0.790625
0.790625
0.744444
0.744444
0.717708
0.717708
0.717708
0.704167
0.712500
0.704167
0.712500
0.687153
0.687153
0.661458
0.661458
0.641319
0.641319
0.641319
0.625000
0.625000
0.598264
0.598264
0.547569
0.547569
0.533333
0.504514
0.533333
0.504514
0.471875
0.471875
0.471875
0.392361
0.392361
0.311111
0.311111
0.253819
0.253819
0.206944
0.220486
0.206944
0.220486
0.812153
0.826736
0.812153
0.826736
0.802431
0.802431
0.802431
0.774306
0.764931
0.774306
0.764931
0.689931
0.689931
0.609375
0.609375
0.609375
0.538889
0.538889
0.477431
0.477431
0.477431
0.417361
0.417361
0.356597
0.356597
0.356597
0.292014
0.292014
0.238542
0.238542
0.238542
0.193750
0.201389
0.193750
0.201389
0.164931
0.158333
0.159028
0.836458
0.832292
0.836458
0.832292
0.836458
0.832292
0.807292
0.807292
0.780208
0.780208
0.780208
0.694097
0.694097
0.605556
0.605556
0.605556
0.534028
0.534028
0.534028
0.435764
0.435764
0.340278
0.340278
0.340278
0.256597
0.256597
0.202778
0.202778
0.805903
0.762847
0.762847
0.714931
0.581944
0.581944
0.440278
0.457639
0.335069
0.222569
0.233333
0.153125
0.131944
0.136458
0.147569
0.754861
0.754861
0.699306
0.699306
0.699306
0.654514
0.654514
0.595833
0.599653
0.595833
0.599653
0.595833
0.599653
0.454167
0.454167
0.454167
0.376736
0.376736
0.300347
0.287500
0.218403
0.218403
0.664236
0.664236
0.486806
0.350347
0.343750
0.335764
0.237500
0.820486
0.825347
0.713194
0.719792
0.613542
0.613542
0.527083
0.414236
0.416319
0.352083
0.352083
0.268750
0.278125
0.700000
0.700000
0.572569
0.583681
0.462153
0.379861
0.382292
0.379861
0.382292
0.319444
0.238889
0.161458
0.171528
0.808681
0.800347
0.731250
0.748611
0.731250
0.748611
0.676042
0.575000
0.584722
0.504861
0.504861
0.448611
0.410417
0.433333
0.351736
0.375347
0.306944
0.232639
0.250000
0.190278
0.202778
0.805556
0.805556
0.748958
0.748958
0.672222
0.660069
0.586458
0.591667
0.514236
0.513542
0.416319
0.416319
0.335764
0.335764
0.263542
0.230556
0.231250
0.760417
0.760417
0.652083
0.652083
0.546181
0.564931
0.580556
0.484722
0.423264
0.423264
0.346528
0.346528
0.288194
0.228819
0.212153
0.224306
0.178819
0.186458
0.188194
0.148958
0.138194
0.818403
0.818403
0.805208
0.777083
0.777083
0.722569
0.685069
0.667014
0.648958
0.628819
0.591667
0.591667
0.565625
0.554167
0.517708
0.530208
0.513889
0.489583
0.464931
0.437847
0.437847
0.415278
0.398264
0.372569
0.376042
0.367708
0.349653
0.337847
0.358333
0.331597
0.343750
0.334375
0.311806
0.331597
0.314931
0.293750
0.282292
0.293750
0.282292
0.257986
0.287500
0.275000
0.276736
0.247222
0.223264
0.252083
0.242014
0.237847
0.228125
0.228125
0.201389
0.221181
0.181944
0.165278
0.165278
0.772222
0.736111
0.717014
0.679514
0.679514
0.646875
0.630903
0.582639
0.546528
0.546528
0.497222
0.451042
0.451042
0.393403
0.344097
0.342708
0.306597
0.306597
0.265625
0.275000
0.223264
0.223264
0.183681
0.137500
0.137500
0.739931
0.739931
0.664931
0.664931
0.603819
0.542708
0.542708
0.479167
0.403819
0.403819
0.343750
0.288889
0.301736
0.301042
0.280556
0.272222
0.270833
0.251042
0.248264
0.235764
0.242361
0.239236
0.240278
0.237153
0.236111
0.228819
0.237847
0.238889
0.232986
0.239931
0.242014
0.235764
0.220139
0.237500
0.235069
0.204167
0.192708
0.217014
0.218056
0.194444
0.193403
0.203819
0.189236
0.871528
0.841319
0.849653
0.841319
0.849653
0.818056
0.803125
0.759028
0.769444
0.759028
0.769444
0.739583
0.726736
0.666319
0.598611
0.598611
0.501389
0.515278
0.437500
0.377083
0.381250
0.356597
0.344792
0.320833
0.286458
0.291667
0.255208
0.269444
0.250694
0.250694
0.224653
0.233681
0.189583
0.202778
0.177083
0.864236
0.873264
0.864236
0.873264
0.832639
0.771181
0.672222
0.672222
0.587847
0.526042
0.526042
0.448958
0.366667
0.306597
0.306597
0.246181
0.185417
0.185417
0.846181
0.846181
0.817014
0.807986
0.807986
0.767708
0.753472
0.679167
0.581250
0.600694
0.498611
0.498611
0.409722
0.333333
0.286111
0.286111
0.239236
0.193056
0.201736
0.162500
0.168403
0.155903
0.155903
0.132292
