0.502778
0.518750
0.515625
0.519792
0.516667
0.537847
0.505556
0.521528
0.518750
0.537500
0.505903
0.521875
0.518403
0.537500
0.505556
0.522917
0.519097
0.537500
0.505556
0.522917
0.519097
0.537847
0.506250
0.523611
0.519444
0.537847
0.506250
0.523611
0.519444
0.536806
0.506250
0.521875
0.518750
0.536806
0.506250
0.521875
0.518750
0.536111
0.520139
0.517708
0.536111
0.520139
0.517708
0.517708
0.515625
0.517708
0.515625
0.517361
0.514583
0.517361
0.514583
0.517361
0.514583
0.517014
0.514236
0.515278
0.512847
0.515278
0.512847
0.512153
0.511111
0.512153
0.511111
0.512153
0.511111
0.513194
0.511806
0.513194
0.511806
0.515625
0.513542
0.515625
0.513542
0.516667
0.513889
0.501389
0.518056
0.514931
0.502083
0.519444
0.515278
0.502083
0.519444
0.515278
0.519444
0.515625
0.514931
0.517361
0.514931
0.512153
0.512500
0.514583
0.512500
0.514583
0.514583
0.512153
0.514583
0.512153
0.514583
0.512153
0.514931
0.512500
0.514931
0.512500
0.516319
0.514236
0.516319
0.514236
0.515278
0.517014
0.515278
0.517014
0.517708
0.515625
0.517708
0.515625
0.517361
0.514931
0.517708
0.515278
0.515625
0.517361
0.511806
0.514583
0.511458
0.514236
0.512847
0.514931
0.512847
0.514931
0.511806
0.514236
0.511111
0.513194
0.511111
0.513194
0.511111
0.513542
0.511111
0.513889
0.511458
0.514236
0.511111
0.513889
0.511806
0.514236
0.511806
0.514236
0.512500
0.514583
0.514236
0.514236
0.512153
0.512153
0.513889
0.513889
0.512500
0.515278
0.512500
0.515278
0.511458
0.513542
0.511458
0.513542
0.510764
0.513194
0.509722
0.512847
0.509722
0.512847
0.510417
0.513194
0.513194
0.514583
0.511111
0.512500
0.511111
0.512500
0.510417
0.511806
0.511806
0.513194
0.511458
0.512847
0.511458
0.512847
0.511806
0.513542
0.512847
0.515625
0.512500
0.514931
0.515972
0.515972
0.514931
0.512153
0.512500
0.514583
0.512500
0.514583
0.512153
0.515278
0.512153
0.515278
0.510764
0.513889
0.510764
0.513889
0.510764
0.513889
0.511111
0.513889
0.511111
0.513889
0.512153
0.514583
0.512153
0.514583
0.513194
0.515278
0.513194
0.515278
0.513889
0.516667
0.514583
0.516667
0.514583
0.516667
0.515278
0.517361
0.514583
0.517361
0.514583
0.517361
0.512847
0.515972
0.502778
0.517708
0.514583
0.502083
0.516667
0.514583
0.538542
0.504167
0.520833
0.519444
0.522222
0.525694
0.526389
0.524306
0.525347
0.525000
0.525347
0.525000
0.526042
0.524653
0.526042
0.524653
0.526042
0.524653
0.528125
0.526389
0.528125
0.526389
0.528472
0.524306
0.528472
0.524306
0.506944
0.527083
0.523264
0.506944
0.527083
0.523264
0.506944
0.540278
0.523264
0.521528
0.506944
0.540278
0.523264
0.521528
0.540625
0.520139
0.523958
0.540625
0.520139
0.523958
0.537847
0.504861
0.518056
0.521181
0.537847
0.504861
0.518056
0.521181
0.504514
0.519792
0.517014
0.504514
0.519792
0.517014
0.501389
0.512500
0.514583
0.501389
0.512500
0.514583
0.513542
0.515625
0.513542
0.515625
0.511806
0.513889
0.511806
0.513889
0.513889
0.513889
0.513889
0.511806
0.514583
0.511806
0.514583
0.513542
0.513542
0.513889
0.512500
0.512500
0.513889
0.514236
0.514236
0.512153
0.512847
0.512847
0.512847
0.512500
0.513194
0.511111
0.510764
0.512847
0.513194
0.512847
0.513194
0.510069
0.510417
0.511806
0.512500
0.511806
0.512500
0.513194
0.513889
0.513889
0.514583
0.538889
0.520139
0.519097
0.538889
0.520139
0.519097
0.538194
0.506250
0.519792
0.519444
0.509722
0.538542
0.524306
0.522222
0.530903
0.529167
0.530903
0.529167
0.542361
0.528472
0.542361
0.528472
0.544444
0.532292
0.544444
0.532292
0.545486
0.534375
0.545486
0.534375
0.537500
0.533333
0.537500
0.533333
0.536111
0.533681
0.536111
0.533681
0.536111
0.533681
0.537500
0.533681
0.537500
0.533681
0.537500
0.534028
0.537500
0.534028
0.537500
0.534375
0.546528
0.536806
0.546528
0.536806
0.546875
0.538542
0.551042
0.544444
0.551042
0.544444
0.552431
0.545139
0.552431
0.545139
0.550694
0.543056
0.550694
0.543056
0.552083
0.542708
0.552083
0.542708
0.550000
0.540278
0.550694
0.541667
0.550694
0.539236
0.550694
0.539236
0.548611
0.536111
0.552083
0.539931
0.534375
0.552431
0.536111
0.534028
0.552431
0.536111
0.534028
0.533681
0.529861
0.526042
0.522917
0.509722
0.536111
0.521528
0.516319
0.516319
0.508681
0.506944
0.508681
0.506944
0.499653
0.499653
0.493056
0.493056
0.476736
0.476736
0.471181
0.471181
0.471181
0.465972
0.465972
0.465278
0.465278
0.465278
0.464931
0.462500
0.463889
0.461806
0.463194
0.459028
0.463194
0.459028
0.462153
0.455556
0.462153
0.455556
0.458681
0.449306
0.450000
0.435417
0.426389
0.426389
0.421181
0.409028
0.401042
0.388889
0.359722
0.359722
0.338194
0.345139
0.327083
0.315972
0.303472
0.303472
0.281250
0.266319
0.261806
0.264236
0.255556
0.264236
0.255556
0.261806
0.254167
0.252778
0.252778
0.249306
0.249306
0.246875
0.246875
0.238194
0.238194
0.229861
0.232292
0.229861
0.232292
0.225694
0.222222
0.225694
0.222222
0.204167
0.204167
0.182639
0.185417
0.182639
0.185417
0.171181
0.173264
0.165625
0.150000
0.138194
0.143750
0.127778
0.132986
0.127778
0.132986
0.107292
0.111806
0.111458
0.110417
0.089583
0.092361
0.097222
0.750694
0.750694
0.750694
0.725694
0.725694
0.665972
0.665972
0.597569
0.597569
0.558681
0.558681
0.510417
0.510417
0.510417
0.480556
0.480556
0.427778
0.427778
0.427778
0.373611
0.387153
0.373611
0.387153
0.344097
0.315625
0.310764
0.266319
0.242361
0.230556
0.238542
0.242361
0.230556
0.238542
0.184028
0.184722
0.154861
0.748264
0.751736
0.742708
0.748264
0.751736
0.742708
0.667361
0.665972
0.667361
0.665972
0.616667
0.631944
0.616667
0.631944
0.571528
0.581944
0.571528
0.581944
0.571528
0.581944
0.534375
0.534375
0.505556
0.504167
0.490972
0.505556
0.504167
0.490972
0.459028
0.454514
0.470833
0.469444
0.459028
0.454514
0.470833
0.469444
0.426736
0.426736
0.426736
0.380556
0.390625
0.380556
0.390625
0.380556
0.390625
0.348611
0.344097
0.348611
0.344097
0.311111
0.312153
0.311111
0.312153
0.240625
0.240625
0.240625
0.173958
0.173958
0.395486
0.711111
0.711111
0.541667
0.359028
0.359028
0.154861
0.125000
0.115972
0.288194
0.288194
0.264236
0.264236
0.165972
0.165972
0.165972
0.381944
0.381944
0.381944
0.233333
0.233333
0.197569
0.197569
0.463889
0.618750
0.618750
0.552431
0.552431
0.483333
0.438889
0.438889
0.288889
0.469097
0.494444
0.469097
0.494444
0.421875
0.421875
0.421875
0.343403
0.343403
0.257986
0.257986
0.200000
0.200000
0.200000
0.160069
0.160069
0.410069
0.410069
0.350694
0.357639
0.484722
0.484722
0.424653
0.367708
0.209722
0.209722
0.450347
0.444792
0.450347
0.444792
0.375000
0.359028
0.375000
0.375000
0.359028
0.375000
0.287847
0.295486
0.287847
0.295486
0.287847
0.295486
0.214931
0.214931
0.151389
0.151389
0.661806
0.584028
0.482292
0.403472
0.403472
0.329514
0.331597
0.257292
0.259028
0.257292
0.259028
0.205208
0.210069
0.205208
0.210069
0.154514
0.150694
0.154514
0.150694
0.119444
0.119444
0.106597
0.101389
0.106597
0.101389
0.801736
0.801736
0.801736
0.801389
0.801389
0.735417
0.735417
0.654167
0.654167
0.654167
0.575694
0.504514
0.430556
0.428472
0.368750
0.370139
0.368750
0.370139
0.281944
0.281944
0.251042
0.238542
0.212847
0.189236
0.189236
0.173958
0.167708
0.146181
0.134375
0.134375
0.134375
0.124653
0.120139
0.124653
0.120139
0.101389
0.101389
0.704861
0.704861
0.635764
0.635764
0.635764
0.564583
0.564583
0.494444
0.494444
0.494444
0.418750
0.418750
0.357292
0.357292
0.320139
0.305556
0.320139
0.305556
0.270139
0.281944
0.270139
0.281944
0.270139
0.281944
0.239236
0.239236
0.202431
0.202431
0.199653
0.199653
0.175347
0.175347
0.145833
0.167708
0.156250
0.145833
0.167708
0.156250
0.128819
0.134028
0.132292
0.128819
0.134028
0.132292
0.106597
0.114583
0.112847
0.106597
0.114583
0.112847
0.656944
0.654861
0.656944
0.654861
0.589236
0.589236
0.536111
0.536111
0.536111
0.470139
0.470139
0.401042
0.401042
0.336806
0.336806
0.336806
0.249306
0.249306
0.806597
0.806597
0.767708
0.770139
0.767708
0.770139
0.767708
0.770139
0.706944
0.725694
0.731250
0.706944
0.725694
0.731250
0.664583
0.664583
0.600694
0.600694
0.600694
0.548611
0.548611
0.464583
0.465972
0.464583
0.465972
0.402431
0.394097
0.402431
0.394097
0.402431
0.394097
0.322917
0.322917
0.200694
0.200694
0.200694
0.159028
0.159028
0.704861
0.704861
0.704861
0.645139
0.645139
0.605556
0.605556
0.605556
0.550347
0.550347
0.503819
0.488889
0.503819
0.488889
0.438194
0.438194
0.399306
0.399306
0.325000
0.345833
0.325000
0.345833
0.302083
0.302083
0.302083
0.248611
0.248611
0.196528
0.196528
0.169444
0.169444
0.147917
0.152778
0.147917
0.152778
0.122917
0.136111
0.122917
0.136111
0.113542
0.117014
0.113542
0.117014
0.099653
0.106250
0.099653
0.106250
0.099653
0.106250
0.738889
0.738889
0.660417
0.642361
0.660417
0.642361
0.604167
0.592361
0.604167
0.592361
0.604167
0.592361
0.524306
0.524306
0.467361
0.467361
0.415972
0.415972
0.380903
0.364236
0.380903
0.364236
0.325000
0.325000
0.325000
0.273958
0.273958
0.220139
0.220833
0.220139
0.220833
0.185069
0.185069
0.145486
0.145486
0.119097
0.117014
0.119097
0.117014
0.649306
0.649306
0.649306
0.586806
0.577431
0.586806
0.577431
0.528125
0.544444
0.528125
0.544444
0.528125
0.544444
0.518056
0.518056
0.489236
0.489236
0.468056
0.468056
0.468056
0.453472
0.453472
0.452083
0.436806
0.452083
0.436806
0.430556
0.430556
0.430556
0.425000
0.425000
0.422222
0.422222
0.422222
0.418750
0.418750
0.415625
0.415625
0.400694
0.400694
0.400694
0.368750
0.368750
0.334028
0.322569
0.334028
0.322569
0.309722
0.309722
0.251389
0.251389
0.251389
0.204861
0.204861
0.179861
0.179861
0.179861
0.168403
0.168403
0.140972
0.140972
0.140972
0.734028
0.734028
0.788889
0.788889
0.777778
0.787500
0.777778
0.787500
0.777778
0.787500
0.786111
0.786111
0.768403
0.775694
0.784028
0.768403
0.775694
0.784028
0.783333
0.783333
0.779861
0.779861
0.779861
0.787153
0.787153
0.772569
0.793056
0.772569
0.793056
0.772569
0.793056
0.772917
0.788889
0.772917
0.788889
0.773264
0.788542
0.773264
0.788542
0.794097
0.794097
0.794097
0.791319
0.791319
0.796181
0.796181
0.796181
0.793056
0.793056
0.794444
0.791667
0.794444
0.791667
0.788194
0.788194
0.788194
0.787847
0.787847
0.784028
0.784028
0.769444
0.769444
0.762153
0.747917
0.762153
0.747917
0.762153
0.747917
0.749306
0.748611
0.765972
0.749306
0.748611
0.765972
0.767014
0.767014
0.763194
0.763194
0.763194
0.781944
0.781944
0.787500
0.787500
0.787500
0.802778
0.802778
0.803472
0.803472
0.803472
0.796528
0.788542
0.796528
0.788542
0.787153
0.787153
0.758681
0.758681
0.761458
0.768056
0.761458
0.768056
0.761458
0.768056
0.767361
0.773264
0.767361
0.773264
0.765972
0.765972
0.762500
0.762500
0.763194
0.763194
0.763194
0.761806
0.761806
0.761458
0.761458
0.761458
0.754514
0.759722
0.754514
0.759722
0.759375
0.759375
0.764236
0.762500
0.764236
0.762500
0.763194
0.763194
0.763194
0.762847
0.765972
0.762847
0.765972
0.760417
0.766667
0.760417
0.766667
0.761806
0.767361
0.761806
0.767361
0.761806
0.767361
0.764236
0.770833
0.764236
0.770833
0.770139
0.770139
0.770139
0.769792
0.769792
0.773264
0.773264
0.773264
0.776736
0.776736
0.779167
0.779167
0.779167
0.767014
0.780208
0.767014
0.780208
0.781597
0.781597
0.780903
0.780903
0.780903
0.780903
0.780903
0.780903
0.780903
0.780903
0.781597
0.781597
0.779167
0.779167
0.778472
0.778472
0.778472
0.778472
0.778819
0.778819
0.778819
