     0/199      7.4G   0.06494   0.04064    0.5986    0.7042        61       640    0.2019   0.06667   0.01293    0.0026   0.05179   0.04282    0.5904
     1/199     7.33G   0.04908   0.03776    0.5574    0.6442        73       640     0.236    0.2341   0.05226   0.01127   0.05146   0.04425    0.5947
     2/199     7.33G   0.04485    0.0325    0.5584    0.6357        50       640    0.2306    0.4207    0.1133   0.03326   0.04174   0.03425     0.598
     3/199     7.33G   0.04393   0.02876    0.5557    0.6284        56       640    0.1154    0.1256    0.0146  0.002439    0.0686   0.04688    0.5715
     4/199     7.33G    0.0437   0.02783    0.5519    0.6234        72       640    0.2157    0.2243   0.06947   0.02147   0.07329   0.03447    0.5867
     5/199     7.33G    0.0408   0.02648    0.5444    0.6117        68       640    0.1065    0.1628   0.01299  0.002833   0.06045   0.04389    0.6339
     6/199     7.33G   0.03859   0.02648    0.5483    0.6134        48       640   0.06634    0.0832   0.01747  0.002995   0.06533   0.04606    0.6537
     7/199     7.33G   0.03768   0.02645    0.5487    0.6129        58       640    0.1759     0.124   0.03557   0.01051   0.06095    0.0329    0.7381
     8/199     7.33G   0.03524   0.02431    0.5378    0.5973        60       640     0.157    0.1933   0.04686    0.0153   0.04264   0.04925    0.5887
     9/199     7.33G   0.03422   0.02391    0.5306    0.5888        56       640    0.3587    0.4956    0.2846    0.1102   0.03711   0.03076    0.5641
    10/199     7.33G   0.03341   0.02375    0.5249    0.5821        61       640    0.1083    0.5902    0.1575   0.06117   0.04214   0.03067    0.6011
    11/199     7.33G    0.0319   0.02331    0.5184    0.5736        61       640    0.3014    0.6574    0.3268    0.1646   0.03247   0.02535    0.5476
    12/199     7.33G   0.03207   0.02299    0.5095    0.5646        62       640    0.2278    0.8367    0.3625    0.2014   0.02922   0.02218    0.5497
    13/199     7.33G   0.03101   0.02238    0.5027    0.5561        75       640    0.2499    0.6801    0.2929    0.1477   0.03151   0.02775     0.546
    14/199     7.33G    0.0303   0.02197    0.5045    0.5567        68       640    0.3149    0.4946     0.272     0.119   0.04217   0.02845    0.5666
    15/199     7.33G    0.0298   0.02205    0.4945    0.5464        64       640    0.3435    0.7421    0.3958    0.2361   0.02765   0.02148    0.5108
    16/199     7.33G   0.03008   0.02142    0.4971    0.5486        62       640    0.3083    0.6829    0.3482    0.2022   0.02831   0.02434    0.5869
    17/199     7.33G   0.02921   0.02082    0.4878    0.5378        69       640    0.2259    0.7722    0.3463    0.1909   0.02762   0.02681    0.5274
    18/199     7.33G   0.02892   0.02116    0.4862    0.5362        72       640    0.3446    0.7924    0.4364    0.2507   0.02611   0.02153    0.4961
    19/199     7.33G    0.0293   0.02117    0.4747    0.5252        65       640     0.364    0.6944    0.3939    0.2167   0.02801   0.02367    0.5777
    20/199     7.33G   0.02878   0.02042    0.4741    0.5233        62       640    0.4664     0.556    0.4126    0.1965   0.03787   0.02385    0.4994
    21/199     7.33G   0.02838   0.02057    0.4688    0.5178        56       640    0.3513    0.7831    0.4685    0.2872   0.02583   0.02306    0.4679
    22/199     7.33G   0.02789   0.02005    0.4671     0.515        68       640    0.3244    0.8468    0.5025     0.319   0.02546   0.01904     0.467
    23/199     7.33G   0.02801   0.02048    0.4617    0.5102        70       640    0.2725    0.7734    0.4213    0.2289   0.02953   0.02216    0.5122
    24/199     7.33G   0.02809   0.02035    0.4635    0.5119        61       640    0.3643    0.7658    0.4651    0.2859   0.02553   0.02058    0.5011
    25/199     7.33G   0.02754   0.02056     0.453    0.5011        73       640      0.36    0.7643    0.4665    0.3017   0.02443   0.02186    0.4743
    26/199     7.33G   0.02752   0.02027    0.4407    0.4885        57       640    0.3217    0.7798    0.4521    0.2798   0.02585   0.02164    0.4928
    27/199     7.33G    0.0276   0.02011    0.4449    0.4926        65       640    0.3907     0.793    0.5025    0.3129    0.0255   0.02052    0.4691
    28/199     7.33G   0.02733   0.01997    0.4432    0.4905        70       640    0.3995    0.7694      0.51    0.3196   0.02716   0.02219    0.4507
    29/199     7.33G   0.02759   0.02063    0.4292    0.4775        57       640    0.3974    0.8196    0.5348    0.3384   0.02514   0.01935    0.4536
    30/199     7.33G   0.02714   0.01998    0.4298     0.477        57       640    0.3325    0.8189    0.5045     0.305   0.02736   0.02204    0.4664
    31/199     7.33G   0.02709   0.02021    0.4277     0.475        62       640    0.3752     0.717    0.4626    0.2747   0.02918   0.02233    0.5232
    32/199     7.33G   0.02718   0.02011    0.4229    0.4702        60       640    0.3534    0.7597    0.4342    0.2383   0.03143   0.02088    0.5254
    33/199     7.33G   0.02694   0.01972    0.4147    0.4614        53       640    0.3932    0.7669    0.5173    0.3343   0.02613    0.0237    0.4522
    34/199     7.33G   0.02692   0.01993    0.4173    0.4642        57       640    0.3712    0.7339    0.4786    0.2731   0.02976   0.02264    0.4902
    35/199     7.33G   0.02646    0.0197     0.406    0.4521        66       640    0.4432    0.7497    0.5333    0.3434   0.02501   0.01903    0.4839
    36/199     7.33G   0.02668   0.01961    0.4115    0.4578        60       640     0.435     0.743     0.542    0.3444   0.02541   0.02074    0.4656
    37/199     7.33G   0.02659   0.01931    0.4048    0.4507        63       640    0.4593    0.7031    0.5339    0.3437    0.0241   0.01988    0.4979
    38/199     7.33G   0.02655   0.01978    0.3959    0.4422        62       640    0.4471    0.7978    0.5895    0.3857   0.02381   0.01932    0.4273
    39/199     7.33G   0.02676   0.01992    0.4035    0.4502        54       640    0.4805    0.7449    0.5871    0.3905   0.02385   0.01955    0.4136
    40/199     7.33G   0.02685   0.01935    0.3879    0.4341        62       640    0.4919    0.7752    0.6119    0.3954   0.02547   0.01838    0.4078
    41/199     7.33G   0.02669   0.01943    0.3854    0.4315        75       640    0.5273    0.7551    0.6078    0.4068    0.0232   0.01862    0.4336
    42/199     7.33G    0.0262   0.01902    0.3846    0.4298        59       640    0.5289     0.661    0.5684    0.3608    0.0291   0.01954    0.4407
    43/199     7.33G   0.02674   0.01949    0.3747    0.4209        58       640    0.4829    0.7674    0.6056    0.3991   0.02365   0.01972    0.4333
    44/199     7.33G   0.02664    0.0194    0.3699     0.416        59       640    0.5476    0.7295    0.6171     0.412   0.02475   0.01906    0.4212
    45/199     7.33G   0.02673   0.01936     0.367    0.4131        54       640    0.5061     0.754    0.6123    0.4068    0.0234   0.01849    0.4224
    46/199     7.33G   0.02653   0.01935    0.3584    0.4043        59       640    0.5639    0.6719    0.6081    0.4094   0.02398   0.01965    0.4238
    47/199     7.33G   0.02636   0.01908    0.3587    0.4042        52       640    0.4752     0.753    0.5782    0.3563   0.02951    0.0207    0.4264
    48/199     7.33G   0.02651   0.01939    0.3548    0.4007        62       640     0.539     0.733    0.6327    0.4126   0.02465   0.01865    0.4141
    49/199     7.33G   0.02624   0.01918    0.3473    0.3927        60       640    0.5417    0.7428    0.6325    0.4253   0.02327   0.01885    0.4169
    50/199     7.33G   0.02669   0.01941    0.3419     0.388        58       640    0.5755     0.678    0.6305    0.4255    0.0231   0.01822    0.4066
    51/199     7.33G   0.02605   0.01903    0.3381    0.3832        65       640    0.6333    0.6413    0.6641    0.4506   0.02272   0.01924    0.3856
    52/199     7.33G   0.02631   0.01873    0.3246    0.3696        58       640    0.5993    0.7641     0.703    0.4665   0.02376   0.01842    0.3653
    53/199     7.33G   0.02616   0.01846    0.3244     0.369        59       640    0.5584    0.7235    0.6504    0.4429   0.02421   0.01881    0.4086
    54/199     7.33G   0.02645   0.01912    0.3291    0.3747        53       640     0.585    0.7584    0.6926     0.472    0.0234   0.01845    0.3721
    55/199     7.33G   0.02654   0.01908    0.3192    0.3648        72       640    0.6079    0.7303    0.7104    0.4776   0.02315   0.01861    0.3644
    56/199     7.33G   0.02642   0.01894    0.3112    0.3565        68       640    0.6277    0.6251    0.6548    0.4317   0.02427   0.01893    0.3954
    57/199     7.33G   0.02612     0.019    0.3119     0.357        58       640    0.6769    0.6925    0.7285    0.4952   0.02307   0.01787    0.3494
    58/199     7.33G   0.02613   0.01883    0.3019    0.3468        69       640    0.6234    0.7552    0.7172    0.4767   0.02404   0.01799    0.3668
    59/199     7.33G   0.02589   0.01878    0.2965    0.3412        58       640    0.5823     0.799    0.7241     0.496   0.02309    0.0187    0.3566
    60/199     7.33G   0.02594   0.01879    0.2851    0.3298        65       640    0.6693     0.677    0.7293    0.4882   0.02323   0.01794    0.3736
    61/199     7.33G   0.02612   0.01861    0.2875    0.3323        62       640    0.6285     0.738     0.718    0.4862   0.02351    0.0189    0.3648
    62/199     7.33G   0.02605   0.01869    0.2866    0.3314        65       640    0.7013    0.7312    0.7537    0.5202   0.02287   0.01791    0.3364
    63/199     7.33G   0.02611   0.01854    0.2799    0.3246        60       640    0.6529    0.7765    0.7632     0.525    0.0229    0.0172    0.3282
    64/199     7.33G   0.02566   0.01888    0.2767    0.3212        65       640    0.6753    0.7593    0.7589     0.522   0.02305   0.01808    0.3203
    65/199     7.33G   0.02562   0.01879     0.264    0.3084        55       640    0.7361     0.738    0.7808    0.5397   0.02286   0.01777    0.3015
    66/199     7.33G   0.02583   0.01861    0.2621    0.3065        57       640    0.6919      0.75    0.7691    0.5374   0.02298   0.01759    0.3498
    67/199     7.33G   0.02574   0.01829    0.2503    0.2943        61       640    0.7614    0.6759    0.7752    0.5393   0.02266   0.01744    0.3375
    68/199     7.33G   0.02539   0.01833    0.2457    0.2895        66       640    0.7328    0.7465    0.7885    0.5439   0.02271   0.01755     0.297
    69/199     7.33G   0.02571   0.01845    0.2445    0.2887        67       640    0.6715    0.7746    0.7689    0.5303   0.02271    0.0172    0.3464
    70/199     7.33G   0.02538   0.01845    0.2496    0.2934        70       640    0.6974    0.7712    0.7762    0.5415   0.02254   0.01724    0.3161
    71/199     7.33G   0.02571   0.01839    0.2372    0.2813        52       640    0.7378    0.7677    0.7986    0.5541   0.02226    0.0172    0.2928
    72/199     7.33G   0.02528   0.01818    0.2262    0.2697        59       640    0.7095    0.8159    0.8117    0.5692   0.02217   0.01693    0.2812
    73/199     7.33G   0.02519   0.01814    0.2241    0.2674        53       640    0.7814    0.7797    0.8292    0.5768   0.02243    0.0169    0.2777
    74/199     7.33G   0.02539   0.01799    0.2178    0.2612        56       640     0.753    0.8079    0.8387     0.591   0.02168   0.01648    0.2687
    75/199     7.33G   0.02526   0.01807    0.2182    0.2615        67       640    0.7476    0.8117    0.8309    0.5818   0.02253   0.01656    0.2742
    76/199     7.33G   0.02491   0.01742    0.2101    0.2524        65       640    0.7907    0.7816    0.8292    0.5847   0.02179   0.01703    0.2841
    77/199     7.33G   0.02505   0.01779    0.2087    0.2515        68       640    0.7563    0.8026    0.8396     0.589   0.02175   0.01671    0.2712
    78/199     7.33G   0.02471   0.01769    0.2034    0.2458        63       640    0.8246    0.8055    0.8661    0.6202   0.02106   0.01612    0.2346
    79/199     7.33G   0.02477   0.01771    0.1969    0.2394        68       640    0.8093    0.7974    0.8616    0.6011   0.02311   0.01662    0.2443
    80/199     7.33G   0.02514   0.01789    0.1887    0.2317        63       640     0.803    0.8169    0.8604    0.6043    0.0215   0.01639    0.2532
    81/199     7.33G   0.02471    0.0174      0.19    0.2321        67       640    0.8027     0.791    0.8576    0.6157   0.02121   0.01625    0.2508
    82/199     7.33G   0.02483    0.0176    0.1868    0.2293        65       640    0.7816    0.8466    0.8742    0.6265   0.02147   0.01629     0.236
    83/199     7.33G   0.02512   0.01735    0.1774    0.2199        54       640    0.8407    0.8233    0.8851    0.6319   0.02098   0.01617    0.2252
    84/199     7.33G   0.02462   0.01738    0.1751    0.2171        58       640    0.8293    0.8039    0.8774    0.6272   0.02126   0.01626    0.2191
    85/199     7.33G   0.02446   0.01722    0.1694    0.2111        59       640    0.8274    0.8395    0.8921    0.6441   0.02089   0.01608    0.2033
    86/199     7.33G   0.02442   0.01752    0.1709    0.2128        63       640    0.8338    0.8181    0.8866    0.6365   0.02095   0.01615    0.2232
    87/199     7.33G   0.02451   0.01729    0.1684    0.2102        54       640    0.8364     0.811     0.883    0.6365   0.02078    0.0159    0.2204
    88/199     7.33G    0.0245   0.01687    0.1564    0.1978        57       640    0.8581    0.8538       0.9    0.6495   0.02079   0.01593    0.1957
    89/199     7.33G   0.02421   0.01704    0.1553    0.1966        64       640    0.8983     0.815    0.9035     0.654   0.02084   0.01582    0.1889
    90/199     7.33G   0.02424   0.01688    0.1533    0.1944        57       640    0.8635    0.8485    0.9106    0.6659   0.02056   0.01551    0.1798
    91/199     7.33G   0.02438   0.01703     0.151    0.1924        61       640    0.8538    0.8408    0.9047    0.6577   0.02079   0.01576    0.2095
    92/199     7.33G   0.02423   0.01699    0.1425    0.1837        62       640    0.8609     0.841    0.9028    0.6567   0.02073   0.01575    0.2085
    93/199     7.33G   0.02425   0.01681    0.1454    0.1865        60       640    0.8742    0.8365    0.9018    0.6568   0.02058   0.01561    0.1992
    94/199     7.33G   0.02393   0.01662     0.135    0.1755        65       640    0.8601    0.8713    0.9112      0.67   0.02023   0.01535    0.1858
    95/199     7.33G   0.02433   0.01684    0.1381    0.1792        54       640    0.8631    0.8595    0.9058    0.6635   0.02067   0.01563    0.1895
    96/199     7.33G   0.02389   0.01699    0.1362    0.1771        55       640    0.8592      0.85    0.9052    0.6657   0.02045   0.01533    0.1942
    97/199     7.33G   0.02391   0.01684     0.134    0.1747        62       640    0.8707    0.8733     0.916    0.6791   0.02014   0.01538    0.1767
    98/199     7.33G   0.02394   0.01652    0.1255     0.166        66       640    0.8821     0.869    0.9164    0.6785   0.02012   0.01536    0.1764
    99/199     7.33G   0.02365   0.01654    0.1272    0.1674        66       640    0.8837    0.8504    0.9188     0.675   0.02041   0.01532    0.1815
   100/199     7.33G   0.02367   0.01666    0.1262    0.1665        62       640    0.8654    0.8615    0.9158    0.6756   0.01995   0.01517    0.1857
   101/199     7.33G   0.02385   0.01648    0.1177     0.158        50       640    0.8958    0.8629     0.928    0.6901   0.01979   0.01501    0.1655
   102/199     7.33G    0.0234   0.01627    0.1157    0.1554        77       640    0.9151    0.8546    0.9322    0.6943   0.01982   0.01497     0.156
   103/199     7.33G   0.02357   0.01651    0.1233    0.1633        70       640     0.916    0.8669    0.9353    0.6979   0.01976   0.01494    0.1518
   104/199     7.33G   0.02343   0.01641    0.1124    0.1522        57       640    0.8858    0.8709    0.9236    0.6872   0.01977   0.01504    0.1642
   105/199     7.33G   0.02322   0.01629    0.1097    0.1492        59       640    0.9072     0.867    0.9252     0.688   0.01976   0.01493    0.1656
   106/199     7.33G   0.02322   0.01651    0.1131    0.1529        63       640    0.9121    0.8634      0.93     0.689      0.02   0.01501    0.1574
   107/199     7.33G    0.0235   0.01622    0.1014    0.1411        68       640    0.8958     0.882    0.9249    0.6879   0.01965   0.01492    0.1694
   108/199     7.33G   0.02314   0.01631    0.1085    0.1479        59       640    0.9212    0.8609    0.9288    0.6915   0.01955   0.01502    0.1585
   109/199     7.33G   0.02314     0.016   0.09627    0.1354        68       640    0.9231    0.8679    0.9316    0.6941   0.01956   0.01483    0.1561
   110/199     7.33G   0.02304    0.0163    0.1033    0.1426        53       640    0.8888     0.896    0.9264    0.6901   0.01954   0.01488    0.1621
   111/199     7.33G   0.02295   0.01608    0.0924    0.1314        60       640    0.9078    0.8896    0.9326    0.6976   0.01945   0.01454    0.1561
   112/199     7.33G   0.02302   0.01591   0.09106      0.13        61       640    0.8656    0.9061     0.931    0.6955   0.01944    0.0146    0.1633
   113/199     7.33G   0.02277   0.01608   0.09881    0.1376        65       640    0.9043    0.8946    0.9342    0.7027    0.0193   0.01454    0.1593
   114/199     7.33G   0.02297   0.01628   0.09058    0.1298        55       640    0.8977    0.8899    0.9347    0.7015   0.01929   0.01443    0.1585
   115/199     7.33G   0.02247   0.01583   0.09388    0.1322        61       640    0.9013    0.9035    0.9358    0.7035   0.01918   0.01452     0.148
   116/199     7.33G   0.02239   0.01555    0.0889    0.1268        69       640    0.9151    0.8973    0.9351    0.7054   0.01907   0.01443    0.1539
   117/199     7.33G   0.02248   0.01574   0.08591    0.1241        56       640    0.9239    0.8857    0.9338    0.7042    0.0192   0.01434    0.1531
   118/199     7.33G   0.02267   0.01592   0.08884    0.1274        61       640    0.9133    0.9033    0.9356    0.7062    0.0192   0.01439    0.1506
   119/199     7.33G   0.02204   0.01601   0.09194      0.13        71       640    0.9183    0.9018    0.9433    0.7152   0.01919   0.01426    0.1413
   120/199     7.33G   0.02218   0.01548   0.08767    0.1253        61       640     0.926    0.8973    0.9382    0.7098   0.01916    0.0143    0.1437
   121/199     7.33G   0.02246    0.0158   0.08534    0.1236        56       640    0.9038    0.9194    0.9375     0.707   0.01914   0.01431    0.1432
   122/199     7.33G   0.02215   0.01544   0.07716    0.1148        61       640    0.9184    0.9107    0.9385     0.707   0.01905   0.01422    0.1436
   123/199     7.33G   0.02217    0.0156   0.07488    0.1127        77       640    0.9143      0.91    0.9373    0.7078   0.01898   0.01422    0.1462
   124/199     7.33G   0.02204   0.01532   0.07309    0.1104        67       640    0.9152    0.9126    0.9395     0.713   0.01884    0.0142     0.141
   125/199     7.33G    0.0219   0.01525   0.07289      0.11        53       640    0.9205    0.9094    0.9429    0.7156   0.01874   0.01403    0.1374
   126/199     7.33G   0.02166   0.01519   0.07458    0.1114        59       640    0.9089    0.9229    0.9443    0.7162   0.01875     0.014    0.1338
   127/199     7.33G   0.02182   0.01513   0.06795    0.1049        54       640    0.9293    0.9015    0.9463    0.7207   0.01855   0.01395    0.1347
   128/199     7.33G   0.02152   0.01534   0.06981    0.1067        73       640    0.9224    0.9184    0.9436    0.7206   0.01857   0.01391    0.1363
   129/199     7.33G   0.02168   0.01509   0.07275    0.1095        57       640    0.9181    0.9229    0.9453     0.722   0.01849   0.01384    0.1334
   130/199     7.33G   0.02152   0.01511   0.07712    0.1137        57       640    0.9264    0.9085    0.9446    0.7194   0.01845   0.01388    0.1372
   131/199     7.33G   0.02155   0.01533   0.06483    0.1017        62       640    0.9274    0.9049    0.9394     0.716   0.01832   0.01385    0.1452
   132/199     7.33G   0.02144   0.01519   0.06947    0.1061        58       640     0.929    0.9123    0.9434    0.7216   0.01817   0.01384    0.1409
   133/199     7.33G   0.02128   0.01503   0.06924    0.1056        80       640    0.9342    0.9078    0.9461    0.7245    0.0182   0.01378    0.1399
   134/199     7.33G   0.02124   0.01506   0.06761    0.1039        57       640    0.9342    0.9152    0.9487    0.7286   0.01818   0.01373    0.1338
   135/199     7.33G   0.02125   0.01485   0.06528    0.1014        50       640    0.9308    0.9217    0.9501    0.7295    0.0182    0.0137    0.1292
   136/199     7.33G   0.02107   0.01504   0.06525    0.1014        55       640    0.9409    0.9149     0.951    0.7311   0.01823   0.01372    0.1287
   137/199     7.33G   0.02105   0.01473   0.06065   0.09643        63       640    0.9372    0.9165    0.9506    0.7319   0.01823   0.01362    0.1313
   138/199     7.33G   0.02101   0.01475    0.0623   0.09806        57       640     0.938    0.9098    0.9496    0.7308   0.01814   0.01357     0.135
   139/199     7.33G   0.02085   0.01471   0.05773    0.0933        63       640    0.9402    0.9114    0.9501    0.7341   0.01803   0.01353    0.1316
   140/199     7.33G   0.02092   0.01455   0.05752   0.09299        56       640    0.9375    0.9154    0.9499    0.7333   0.01798   0.01347    0.1327
   141/199     7.33G   0.02077   0.01475   0.06433   0.09986        62       640    0.9263    0.9245    0.9495    0.7337   0.01792    0.0134    0.1345
   142/199     7.33G   0.02066   0.01452   0.05576   0.09094        56       640    0.9468    0.9045    0.9495    0.7348   0.01789   0.01343    0.1359
   143/199     7.33G    0.0207   0.01457    0.0581   0.09336        65       640    0.9428     0.906    0.9477    0.7321   0.01784    0.0134    0.1389
   144/199     7.33G   0.02048   0.01454   0.05679    0.0918        60       640      0.94    0.9136    0.9486     0.733   0.01775   0.01333    0.1387
   145/199     7.33G   0.02039   0.01439   0.05406   0.08883        56       640     0.935    0.9139    0.9469    0.7329    0.0177   0.01334    0.1414
   146/199     7.33G   0.02051   0.01439   0.05697   0.09187        68       640    0.9249    0.9246    0.9479    0.7357   0.01766   0.01333    0.1364
   147/199     7.33G   0.02065   0.01429   0.05315    0.0881        60       640    0.9255    0.9261    0.9483    0.7362   0.01764   0.01334    0.1352
   148/199     7.33G   0.02048   0.01424   0.05417   0.08889        62       640    0.9404     0.915    0.9487    0.7378    0.0176   0.01332    0.1331
   149/199     7.33G   0.02019   0.01414   0.05219   0.08652        67       640    0.9369    0.9168    0.9483    0.7378   0.01757    0.0133    0.1342
   150/199     7.33G   0.02014   0.01438   0.05107    0.0856        59       640    0.9372    0.9208    0.9473    0.7385   0.01752   0.01329    0.1362
   151/199     7.33G   0.02018   0.01438   0.04745     0.082        65       640    0.9288    0.9279    0.9465    0.7381   0.01746   0.01326    0.1354
   152/199     7.33G   0.02001   0.01392   0.04917   0.08309        65       640    0.9434    0.9185    0.9473    0.7396   0.01739   0.01325    0.1358
   153/199     7.33G   0.01987   0.01439   0.04991   0.08417        68       640    0.9357    0.9215    0.9478    0.7399   0.01734    0.0132    0.1367
   154/199     7.33G   0.01998   0.01428   0.04477   0.07903        62       640    0.9388    0.9183    0.9482    0.7403   0.01731   0.01316    0.1365
   155/199     7.33G   0.02013    0.0141   0.04875   0.08298        63       640     0.943    0.9122    0.9466    0.7383   0.01735   0.01315    0.1397
   156/199     7.33G   0.01987   0.01406   0.04612   0.08006        59       640    0.9378    0.9137     0.948    0.7392   0.01734   0.01313    0.1395
   157/199     7.33G   0.01974   0.01423   0.04573   0.07971        70       640    0.9427    0.9093    0.9484    0.7408   0.01735   0.01313    0.1395
   158/199     7.33G   0.01996   0.01401   0.04246   0.07643        66       640    0.9403    0.9113    0.9467    0.7378   0.01734   0.01314    0.1419
   159/199     7.33G    0.0196   0.01396   0.04853   0.08209        56       640    0.9425    0.9046    0.9483    0.7397   0.01732   0.01311    0.1417
   160/199     7.33G   0.01947   0.01386   0.04456   0.07788        54       640    0.9415    0.9091     0.949    0.7407    0.0173    0.0131    0.1404
   161/199     7.33G   0.01946   0.01374   0.03643   0.06963        67       640    0.9363    0.9175    0.9507    0.7431   0.01727   0.01308    0.1383
   162/199     7.33G    0.0194   0.01371   0.03957   0.07269        61       640    0.9443    0.9104    0.9506    0.7439   0.01725   0.01306    0.1379
   163/199     7.33G    0.0194   0.01368   0.03884   0.07193        71       640    0.9447    0.9106    0.9506    0.7442   0.01724   0.01305    0.1372
   164/199     7.33G   0.01954     0.014   0.04097    0.0745        55       640    0.9436    0.9114    0.9501    0.7443    0.0172   0.01304    0.1374
   165/199     7.33G   0.01954   0.01376   0.03878   0.07208        59       640    0.9457    0.9096    0.9502    0.7448   0.01718   0.01303    0.1384
   166/199     7.33G   0.01941   0.01401   0.04015   0.07357        53       640    0.9439    0.9131    0.9512    0.7454   0.01717   0.01301    0.1362
   167/199     7.33G   0.01932   0.01372   0.04459   0.07763        54       640    0.9326     0.925    0.9508     0.745   0.01713   0.01298    0.1337
   168/199     7.33G   0.01923   0.01381    0.0347   0.06774        57       640    0.9337    0.9234    0.9513    0.7465    0.0171   0.01295    0.1334
   169/199     7.33G   0.01898   0.01377   0.04272   0.07547        61       640     0.933    0.9289    0.9516     0.748   0.01706   0.01293    0.1307
   170/199     7.33G   0.01897   0.01347    0.0351   0.06754        56       640    0.9349    0.9272    0.9516    0.7486   0.01703    0.0129    0.1305
   171/199     7.33G   0.01897   0.01352   0.03762   0.07011        66       640    0.9318    0.9305    0.9525    0.7498   0.01699   0.01288    0.1295
   172/199     7.33G   0.01893   0.01365   0.03894   0.07152        58       640    0.9382    0.9241    0.9525    0.7503   0.01695   0.01287    0.1295
   173/199     7.33G   0.01882   0.01348   0.03728   0.06958        61       640    0.9415    0.9202    0.9528    0.7515   0.01692   0.01285    0.1287
   174/199     7.33G   0.01891    0.0136   0.03651   0.06901        49       640    0.9434    0.9197    0.9538    0.7518   0.01688   0.01282    0.1288
   175/199     7.33G   0.01887   0.01326   0.03173   0.06386        58       640     0.944    0.9189    0.9539    0.7529   0.01683    0.0128    0.1287
   176/199     7.33G   0.01899   0.01353   0.03182   0.06434        64       640    0.9431    0.9192    0.9544    0.7543   0.01679   0.01277    0.1287
   177/199     7.33G   0.01861   0.01338   0.03635   0.06834        69       640    0.9457    0.9185    0.9544    0.7544   0.01678   0.01275    0.1289
   178/199     7.33G   0.01858   0.01331    0.0336   0.06548        52       640    0.9434    0.9208    0.9551     0.755   0.01675   0.01273    0.1287
   179/199     7.33G    0.0186   0.01328   0.03317   0.06505        63       640    0.9444    0.9177    0.9549    0.7552   0.01674   0.01271    0.1291
   180/199     7.33G   0.01864   0.01329   0.03499   0.06692        54       640    0.9377    0.9213    0.9543    0.7548   0.01673    0.0127    0.1301
   181/199     7.33G   0.01853   0.01366   0.03263   0.06482        60       640    0.9307    0.9265    0.9546    0.7543   0.01672   0.01268    0.1311
   182/199     7.33G    0.0186   0.01339   0.03261   0.06461        57       640    0.9466    0.9118     0.954    0.7551   0.01669   0.01264    0.1322
   183/199     7.33G   0.01855    0.0134     0.033   0.06495        55       640    0.9443    0.9146    0.9534    0.7561   0.01667   0.01261    0.1321
   184/199     7.33G   0.01847   0.01329   0.03241   0.06417        64       640     0.943    0.9158    0.9531    0.7556   0.01665   0.01259    0.1336
   185/199     7.33G   0.01841   0.01338    0.0325   0.06428        60       640    0.9361    0.9231    0.9532    0.7551   0.01663   0.01257    0.1335
   186/199     7.33G    0.0185   0.01325   0.03329   0.06504        64       640    0.9459    0.9173    0.9535    0.7557   0.01661   0.01254    0.1337
   187/199     7.33G    0.0184   0.01319   0.03275   0.06435        62       640    0.9438    0.9193    0.9535    0.7563   0.01659   0.01252    0.1338
   188/199     7.33G   0.01837   0.01304   0.02885   0.06027        65       640     0.944     0.919    0.9527    0.7557   0.01657   0.01251    0.1334
   189/199     7.33G   0.01848   0.01315    0.0298   0.06143        70       640    0.9406    0.9222    0.9523    0.7559   0.01655   0.01249    0.1338
   190/199     7.33G   0.01849   0.01323   0.02986   0.06158        60       640     0.937     0.925    0.9521    0.7559   0.01652   0.01247    0.1343
   191/199     7.33G   0.01831   0.01322   0.03144   0.06297        73       640     0.936    0.9254    0.9513    0.7557    0.0165   0.01244    0.1352
   192/199     7.33G   0.01827   0.01298    0.0301   0.06135        66       640     0.938    0.9235    0.9514    0.7571   0.01647   0.01242    0.1347
   193/199     7.33G   0.01829   0.01323   0.02965   0.06117        47       640    0.9429    0.9215    0.9515    0.7581   0.01645   0.01241    0.1344
   194/199     7.33G   0.01821   0.01303   0.02965   0.06089        67       640      0.95    0.9147    0.9517    0.7579   0.01643   0.01239    0.1333
   195/199     7.33G   0.01823   0.01306    0.0335   0.06479        64       640    0.9554    0.9109    0.9522    0.7589   0.01641   0.01237     0.132
   196/199     7.33G   0.01819   0.01305   0.02623   0.05747        59       640    0.9349    0.9304    0.9525    0.7588    0.0164   0.01236    0.1314
   197/199     7.33G    0.0181   0.01302   0.02765   0.05877        57       640    0.9345    0.9317     0.953    0.7595   0.01639   0.01235    0.1303
   198/199     7.33G   0.01798   0.01309   0.03024   0.06131        69       640    0.9429    0.9255    0.9532    0.7597   0.01638   0.01234    0.1295
   199/199     7.33G   0.01817   0.01324   0.02787   0.05928        68       640    0.9432    0.9246    0.9534    0.7601   0.01637   0.01233    0.1295
